$SPEC_ID:
amcscali
$SPEC_REM:
DET# 1
DETDESC# CHI MCB 25
AP# GammaVision Version 6.09
$DATE_MEA:
02/09/2018 10:44:26
$MEAS_TIM:
1763 1800
$DATA:
0 511
       0
       0
       0
       0
       0
       0
       0
       0
       0
       0
       0
       0
       0
       0
    1225
  141910
  136487
  127842
  118653
  111837
  106068
  100014
   92485
   86356
   80919
   77297
   75367
   71107
   63337
   55871
   52241
   49842
   48018
   45566
   42284
   39142
   37859
   37950
   38842
   38470
   35682
   31452
   27781
   26537
   25627
   25744
   27613
   29438
   29748
   27693
   23642
   20328
   18689
   18524
   19117
   20121
   20507
   19566
   17477
   15552
   14276
   13944
   14400
   16077
   18150
   20554
   22935
   23514
   21598
   18251
   14477
   11923
   10896
   10350
   10063
   10397
   11510
   13281
   14714
   14788
   13766
   11147
    9339
    7696
    6992
    6253
    6026
    5866
    5505
    5363
    5145
    5041
    5145
    5176
    5091
    5241
    5330
    5462
    5460
    5772
    5515
    5386
    5252
    5253
    5207
    5068
    4667
    4384
    4098
    3836
    3572
    3437
    3410
    3533
    3518
    3755
    3900
    4085
    4334
    4500
    4476
    4329
    4294
    4161
    3898
    3730
    3608
    3408
    3292
    3157
    3049
    2930
    3054
    3078
    3194
    3135
    3125
    3027
    2861
    2616
    2463
    2380
    2265
    2184
    2221
    2127
    2178
    2348
    2755
    3166
    3703
    4685
    5740
    6561
    7339
    7534
    7155
    6337
    5190
    4043
    2957
    2133
    1618
    1173
    1001
     882
     907
     873
     889
     866
     778
     724
     743
     708
     717
     702
     613
     634
     665
     724
     742
     943
    1038
    1085
    1214
    1211
    1265
    1208
    1108
     952
     838
     752
     687
     568
     535
     496
     428
     475
     390
     383
     342
     386
     345
     351
     340
     327
     297
     303
     285
     280
     301
     281
     276
     315
     311
     304
     339
     360
     370
     428
     448
     513
     495
     492
     527
     500
     485
     465
     517
     496
     489
     475
     499
     467
     421
     396
     338
     364
     343
     323
     277
     251
     271
     241
     240
     232
     212
     208
     184
     174
     174
     183
     147
     179
     177
     172
     154
     171
     122
     135
     138
     126
     135
     180
     247
     360
     381
     519
     641
     702
     846
     865
     867
     783
     742
     618
     625
     455
     353
     290
     187
     143
     106
      56
      57
      38
      31
      17
      22
      19
      14
      14
      11
      13
      10
      15
       8
      18
       3
      12
      13
      10
      13
      13
       6
      14
       8
       4
      12
       9
      16
      17
      14
      10
      16
      16
      13
       9
      14
      13
      14
      14
       3
      15
      10
      11
       4
      13
      14
      14
      10
       8
       3
      12
       6
       7
      11
       9
       4
      12
      11
       9
       9
       8
      13
      10
       9
       9
       7
       6
      12
      11
       9
       8
       6
      11
       6
      11
      12
       8
       9
       7
      15
      13
      11
       9
       8
       8
      11
       5
       7
       5
      13
       6
      13
       7
       8
       3
       6
       6
       6
      11
       6
       3
       6
      10
       5
       7
       5
       6
       5
       8
       8
       5
       8
       5
       6
       8
       9
       6
       8
       3
      10
      10
       9
       9
       2
       6
       8
       4
       1
       4
       7
       3
       7
      10
      11
       5
      10
       6
       7
       4
       6
       8
       4
       8
       8
       5
       7
       7
       5
       5
       6
       6
       6
       1
       5
      10
       8
       4
       4
       5
       6
       6
       3
       1
       3
       7
       7
       5
      11
       7
      14
       4
       2
       9
       8
       8
       7
       5
       2
       6
       8
       8
       4
       4
       5
      10
       7
       2
       5
       6
       4
       4
       8
       3
       6
       8
       8
       8
       8
       8
       5
       6
       7
       6
       7
       7
       5
       5
       3
       5
       4
      10
       7
       6
       3
       8
       7
      11
     319
     650
     627
     615
     618
     601
     654
     686
     644
     611
     641
     589
$ROI:
1
365 371
$PRESETS:
None
0
0
$ENER_FIT:
346.725098 6.077917
$MCA_CAL:
3
3.467251E+002 6.077917E+000 0.000000E+000 keV
$SHAPE_CAL:
3
7.978382E+000 1.783549E-002 0.000000E+000
