$SPEC_ID:
amcscali
$SPEC_REM:
DET# 1
DETDESC# CHI MCB 25
AP# GammaVision Version 6.09
$DATE_MEA:
02/09/2018 11:44:48
$MEAS_TIM:
292 300
$DATA:
0 511
       0
       0
       0
       0
       0
       0
       0
       0
       0
       0
       0
       0
       0
       0
     256
   27238
   26096
   24254
   22509
   21763
   21054
   20000
   19174
   17703
   16788
   15985
   15303
   14232
   12433
   11164
   10270
    9800
    9470
    8882
    8469
    7863
    7660
    7723
    7727
    7407
    6901
    5993
    5543
    5275
    5344
    5346
    5726
    5956
    5906
    5303
    4571
    4002
    3794
    3680
    3784
    3982
    3933
    3674
    3267
    2991
    2868
    2769
    3011
    3226
    3699
    4273
    4637
    4770
    4913
    5044
    5612
    6349
    6353
    5845
    4681
    3551
    3125
    2996
    3009
    2804
    2518
    2100
    1732
    1606
    1433
    1394
    1362
    1365
    1300
    1215
    1283
    1245
    1284
    1179
    1307
    1236
    1329
    1288
    1329
    1340
    1290
    1201
    1268
    1191
    1152
    1143
    1045
     961
     905
     839
     867
     834
     860
     792
     836
     842
     868
     961
    1007
    1158
    1333
    1547
    1897
    2105
    2207
    2178
    2082
    1711
    1447
     953
     867
     663
     622
     596
     656
     734
     947
    1207
    1377
    1696
    1623
    1763
    1591
    1494
    1169
     974
     752
     625
     605
     692
     775
     991
    1165
    1285
    1309
    1309
    1124
     887
     681
     502
     353
     250
     188
     169
     138
     148
     176
     146
     155
     120
     140
     129
     137
     121
     132
     125
     122
     119
     141
     141
     161
     159
     213
     213
     226
     206
     166
     175
     167
     139
     124
     111
     108
      96
      90
      77
      90
      73
      73
      78
      52
      54
      54
      57
      68
      44
      49
      48
      48
      42
      46
      38
      43
      53
      44
      64
      47
      61
      80
      83
      82
      93
      61
      87
     105
      83
     108
      86
      96
      88
      77
      75
      76
      68
      72
      65
      58
      57
      50
      47
      44
      46
      36
      43
      33
      36
      25
      40
      31
      31
      30
      35
      33
      31
      18
      31
      23
      25
      18
      25
      23
      26
      31
      61
      48
      83
     105
     129
     124
     133
     134
     131
     149
     121
     107
      80
      65
      55
      40
      35
      19
      12
       3
       5
       5
       2
       4
       2
       2
       2
       4
       0
       2
       1
       1
       0
       6
       3
       5
       1
       0
       2
       1
       1
       2
       4
       2
       1
       2
       0
       3
       1
       2
       1
       1
       1
       1
       1
       0
       4
       2
       4
       0
       2
       1
       1
       2
       2
       2
       1
       2
       2
       2
       3
       0
       0
       2
       1
       1
       2
       0
       2
       3
       1
       4
       2
       0
       1
       1
       0
       2
       2
       2
       0
       1
       0
       2
       2
       2
       1
       2
       2
       2
       0
       0
       3
       2
       0
       1
       4
       3
       0
       0
       1
       2
       0
       0
       2
       2
       1
       2
       0
       4
       1
       2
       0
       1
       2
       0
       1
       0
       6
       1
       0
       3
       1
       1
       1
       0
       1
       2
       0
       1
       3
       3
       1
       3
       1
       1
       0
       1
       0
       1
       3
       0
       1
       2
       0
       0
       1
       0
       0
       3
       0
       1
       1
       1
       0
       1
       1
       1
       1
       1
       1
       4
       1
       0
       3
       3
       2
       1
       0
       0
       1
       1
       1
       0
       1
       1
       0
       0
       0
       0
       0
       1
       0
       0
       2
       0
       0
       3
       0
       2
       0
       2
       1
       1
       0
       1
       1
       0
       0
       0
       2
       1
       1
       1
       0
       1
       0
       2
       1
       1
       2
       0
       0
       2
       1
       0
       1
       2
       2
       1
       1
       4
       1
       0
       1
       1
       3
      73
     115
      99
     103
     107
      90
     103
      95
      99
     103
     124
     103
$ROI:
1
365 371
$PRESETS:
None
0
0
$ENER_FIT:
346.725098 6.077917
$MCA_CAL:
3
3.467251E+002 6.077917E+000 0.000000E+000 keV
$SHAPE_CAL:
3
7.978382E+000 1.783549E-002 0.000000E+000
