$SPEC_ID:
amcscali
$SPEC_REM:
DET# 1
DETDESC# CHI MCB 25
AP# GammaVision Version 6.09
$DATE_MEA:
02/09/2018 11:33:20
$MEAS_TIM:
292 300
$DATA:
0 511
       0
       0
       0
       0
       0
       0
       0
       0
       0
       0
       0
       0
       0
       0
     264
   27419
   26373
   24572
   22958
   21639
   21052
   20277
   19063
   17937
   17020
   16224
   15543
   14300
   12365
   11072
   10467
    9862
    9325
    8879
    8076
    7804
    7355
    7340
    7466
    7235
    6564
    5917
    5473
    5268
    5278
    5264
    5407
    5698
    5802
    5289
    4597
    4101
    3618
    3636
    3831
    3842
    3897
    3618
    3206
    2914
    2786
    2737
    2923
    3214
    3635
    4103
    4516
    4788
    4877
    5476
    6337
    7198
    7319
    6568
    4947
    3887
    3117
    2877
    2861
    2817
    2357
    1942
    1836
    1554
    1404
    1410
    1302
    1302
    1334
    1288
    1241
    1318
    1230
    1240
    1240
    1270
    1296
    1338
    1311
    1355
    1285
    1301
    1231
    1247
    1187
    1079
    1008
     968
     903
     882
     884
     848
     825
     859
     845
     835
     899
     940
    1010
    1145
    1427
    1652
    2050
    2410
    2537
    2461
    2399
    1882
    1453
    1124
     834
     683
     654
     641
     717
     776
     975
    1197
    1488
    1747
    1916
    1963
    1836
    1610
    1280
    1080
     759
     615
     586
     726
     763
     983
    1183
    1233
    1310
    1284
    1074
     841
     706
     533
     383
     268
     214
     164
     149
     156
     167
     146
     141
     155
     133
     118
     116
     135
     112
      94
     118
     105
     116
     145
     140
     175
     192
     194
     226
     234
     190
     187
     139
     154
     134
     119
      95
      97
      72
     103
      77
      79
      85
      62
      56
      65
      64
      48
      47
      61
      59
      60
      37
      45
      56
      53
      45
      45
      49
      54
      66
      74
      67
      86
      84
      98
      96
      78
      77
      80
      85
      82
      78
      97
      67
      86
      77
      68
      72
      69
      56
      54
      49
      42
      40
      46
      36
      41
      32
      35
      38
      42
      33
      23
      29
      27
      23
      24
      38
      29
      18
      30
      21
      24
      40
      29
      36
      47
      56
      63
     109
     128
     117
     150
     143
     153
     128
     108
     105
      76
      55
      50
      43
      31
      27
       7
       9
      13
       6
       3
       3
       8
       2
       3
       1
       5
       0
       3
       2
       4
       3
       3
       5
       2
       1
       2
       1
       1
       2
       2
       2
       2
       1
       1
       1
       0
       4
       3
       1
       1
       1
       3
       1
       1
       2
       1
       1
       4
       1
       4
       3
       4
       1
       3
       0
       2
       0
       1
       0
       2
       4
       1
       2
       1
       2
       0
       1
       0
       1
       0
       0
       0
       2
       1
       2
       0
       1
       1
       2
       3
       0
       0
       2
       1
       1
       2
       0
       1
       1
       3
       0
       1
       2
       0
       3
       2
       0
       2
       1
       2
       0
       1
       2
       0
       0
       1
       3
       3
       2
       2
       2
       2
       2
       2
       2
       0
       0
       0
       1
       2
       1
       2
       3
       1
       4
       0
       1
       1
       1
       1
       2
       1
       1
       0
       2
       1
       0
       1
       0
       1
       1
       0
       3
       1
       1
       0
       1
       0
       1
       0
       3
       1
       1
       1
       1
       0
       1
       0
       1
       2
       2
       2
       1
       0
       2
       0
       0
       0
       1
       0
       2
       1
       3
       0
       0
       1
       2
       2
       1
       4
       2
       0
       0
       0
       0
       1
       0
       0
       1
       1
       0
       2
       1
       0
       1
       1
       1
       1
       0
       3
       0
       0
       1
       2
       1
       0
       0
       0
       1
       3
       1
       1
       2
       0
       2
       1
       0
       0
       2
       0
       2
       1
       1
       1
      56
      98
      97
     112
     119
     104
     108
     128
     102
     101
     114
     106
$ROI:
1
365 371
$PRESETS:
None
0
0
$ENER_FIT:
346.725098 6.077917
$MCA_CAL:
3
3.467251E+002 6.077917E+000 0.000000E+000 keV
$SHAPE_CAL:
3
7.978382E+000 1.783549E-002 0.000000E+000
