$SPEC_ID:
amcscali
$SPEC_REM:
DET# 1
DETDESC# CHI MCB 25
AP# GammaVision Version 6.09
$DATE_MEA:
02/09/2018 11:15:58
$MEAS_TIM:
292 300
$DATA:
0 511
       0
       0
       0
       0
       0
       0
       0
       0
       0
       0
       0
       0
       0
       0
     236
   26511
   25219
   23976
   22445
   20961
   20590
   19532
   18372
   17379
   16260
   15665
   14931
   13773
   12229
   10616
   10132
    9570
    9095
    8595
    8075
    7581
    7127
    7423
    7368
    7282
    6530
    5958
    5208
    5031
    4953
    5114
    5388
    5559
    5458
    5146
    4430
    3860
    3750
    3529
    3567
    3773
    3894
    3613
    3215
    2938
    2677
    2696
    2733
    3116
    3499
    3865
    4195
    4588
    4498
    4644
    4841
    5565
    5458
    5193
    4303
    3541
    3031
    2762
    2776
    2725
    2464
    1997
    1749
    1544
    1374
    1416
    1346
    1288
    1276
    1202
    1168
    1204
    1207
    1231
    1172
    1171
    1260
    1247
    1272
    1300
    1207
    1240
    1147
    1168
    1158
    1101
    1081
     928
     855
     825
     814
     784
     845
     804
     794
     811
     850
     868
     884
    1050
    1214
    1305
    1613
    1836
    1964
    2062
    1883
    1752
    1408
    1063
     815
     704
     625
     626
     658
     708
     850
     951
    1150
    1298
    1483
    1508
    1590
    1431
    1208
     950
     773
     617
     616
     621
     762
     934
    1097
    1239
    1259
    1221
    1118
     930
     759
     539
     413
     315
     220
     189
     192
     147
     147
     152
     136
     128
     133
     145
     118
     115
     116
     117
     104
      97
      98
     107
     132
     158
     182
     210
     210
     170
     194
     178
     159
     147
     136
     123
     103
      77
      90
      76
      63
      80
      64
      62
      53
      65
      53
      45
      54
      47
      52
      52
      48
      47
      57
      39
      43
      65
      45
      49
      57
      62
      55
      72
      88
      73
      85
      82
      77
      72
      77
      88
      87
      84
      82
      73
      79
      92
      70
      65
      52
      53
      43
      57
      33
      38
      42
      39
      33
      33
      35
      29
      46
      22
      45
      27
      30
      33
      23
      40
      23
      14
      21
      30
      26
      24
      34
      46
      53
      64
      83
     114
     132
     139
     140
     138
     150
     116
     117
     101
      69
      58
      52
      23
      15
      19
      11
       8
       6
       9
       2
       3
       4
       6
       3
       2
       2
       3
       3
       4
       1
       2
       1
       3
       1
       0
       4
       0
       1
       3
       3
       3
       2
       3
       0
       1
       3
       2
       2
       0
       1
       2
       1
       1
       2
       0
       4
       1
       4
       1
       3
       0
       3
       0
       3
       3
       1
       2
       0
       1
       0
       4
       3
       1
       0
       2
       1
       0
       0
       2
       0
       1
       3
       1
       0
       1
       0
       3
       3
       2
       2
       3
       0
       3
       4
       1
       0
       1
       0
       1
       2
       2
       2
       2
       1
       0
       2
       1
       1
       1
       3
       1
       0
       0
       2
       1
       4
       0
       2
       0
       3
       1
       0
       0
       2
       0
       2
       2
       1
       0
       0
       2
       1
       2
       0
       1
       0
       1
       0
       0
       1
       0
       2
       1
       1
       0
       0
       3
       1
       1
       0
       2
       2
       0
       0
       1
       0
       0
       0
       1
       2
       0
       1
       1
       2
       1
       1
       1
       0
       0
       1
       0
       2
       1
       1
       1
       4
       2
       1
       1
       2
       0
       0
       1
       0
       1
       0
       0
       0
       2
       2
       0
       1
       0
       2
       1
       1
       1
       0
       2
       0
       0
       1
       2
       2
       1
       3
       0
       0
       0
       0
       0
       0
       1
       1
       3
       0
       1
       1
       1
       1
       1
       0
       1
       2
       2
       0
       1
       1
       1
       0
       0
       0
       0
      53
     103
     112
     102
      98
     103
     119
     102
     103
     104
     106
      84
$ROI:
1
365 371
$PRESETS:
None
0
0
$ENER_FIT:
346.725098 6.077917
$MCA_CAL:
3
3.467251E+002 6.077917E+000 0.000000E+000 keV
$SHAPE_CAL:
3
7.978382E+000 1.783549E-002 0.000000E+000
