$SPEC_ID:
amcscali
$SPEC_REM:
DET# 1
DETDESC# CHI MCB 25
AP# GammaVision Version 6.09
$DATE_MEA:
02/09/2018 11:50:31
$MEAS_TIM:
292 300
$DATA:
0 511
       0
       0
       0
       0
       0
       0
       0
       0
       0
       0
       0
       0
       0
       0
     267
   27492
   26406
   24883
   23204
   21867
   21396
   20619
   19512
   18127
   17222
   16275
   15563
   14419
   12883
   11598
   10640
   10106
    9392
    9116
    8567
    7809
    7742
    7744
    7781
    7491
    6968
    6208
    5543
    5510
    5414
    5559
    5707
    6066
    5983
    5266
    4686
    4137
    3896
    3744
    3960
    4116
    4044
    3784
    3425
    2957
    2943
    2885
    2992
    3372
    3810
    4264
    4801
    4926
    5091
    5446
    6586
    7170
    7460
    6439
    4969
    3738
    3256
    3081
    2956
    2917
    2484
    2032
    1769
    1539
    1415
    1374
    1398
    1336
    1367
    1292
    1257
    1287
    1292
    1279
    1264
    1378
    1374
    1348
    1340
    1356
    1345
    1265
    1154
    1220
    1136
    1150
    1024
     926
     956
     894
     875
     843
     873
     914
     852
     924
     903
     933
    1068
    1157
    1421
    1721
    2031
    2417
    2446
    2418
    2181
    1873
    1477
    1082
     841
     706
     669
     657
     699
     826
    1020
    1283
    1529
    1720
    1913
    1935
    1834
    1523
    1285
     986
     747
     641
     615
     704
     880
     965
    1133
    1321
    1253
    1277
    1065
     853
     650
     474
     346
     238
     203
     159
     139
     138
     143
     146
     139
     144
     130
     135
     118
     111
     112
     129
     102
     120
     143
     133
     176
     168
     206
     202
     222
     210
     195
     177
     151
     144
     124
     126
      91
      87
      79
      85
      86
      79
      78
      62
      69
      50
      68
      55
      55
      47
      56
      58
      48
      43
      47
      43
      45
      58
      41
      48
      69
      74
      76
      82
      80
      91
      81
      65
      95
      84
      82
      81
      95
      83
      77
      69
      67
      68
      69
      56
      57
      54
      38
      51
      52
      48
      35
      31
      43
      34
      32
      33
      42
      33
      27
      38
      28
      25
      29
      30
      20
      25
      17
      25
      24
      35
      32
      69
      65
      93
      90
     120
     119
     134
     153
     125
     112
     135
      91
      83
      64
      46
      29
      18
      12
       6
       5
      10
       7
       4
       6
       5
       3
       3
       5
       3
       4
       1
       2
       4
       2
       0
       4
       4
       3
       4
       0
       2
       0
       1
       2
       3
       4
       2
       0
       1
       2
       2
       4
       3
       0
       1
       0
       2
       3
       1
       1
       1
       3
       2
       1
       2
       3
       1
       1
       4
       1
       0
       0
       2
       1
       2
       1
       0
       2
       0
       0
       2
       1
       1
       1
       1
       1
       0
       1
       2
       0
       1
       1
       1
       2
       1
       1
       1
       1
       3
       1
       1
       3
       1
       3
       1
       0
       1
       0
       1
       2
       1
       0
       1
       3
       1
       2
       0
       1
       2
       3
       1
       1
       0
       0
       2
       1
       0
       0
       0
       1
       0
       2
       1
       0
       0
       0
       1
       2
       2
       0
       1
       2
       1
       1
       0
       1
       2
       2
       0
       0
       0
       0
       3
       1
       1
       1
       1
       0
       1
       2
       0
       2
       1
       0
       0
       2
       0
       1
       1
       1
       1
       3
       0
       2
       1
       1
       1
       2
       1
       0
       0
       0
       1
       1
       0
       1
       0
       1
       0
       3
       0
       0
       0
       0
       0
       0
       3
       1
       1
       1
       0
       0
       0
       0
       1
       1
       0
       1
       1
       2
       0
       1
       1
       2
       0
       1
       0
       0
       4
       0
       1
       0
       0
       2
       2
       1
       0
       2
       1
       0
       0
       0
       3
       1
       2
       0
       2
      55
     113
     108
     110
     115
     113
     108
     113
     110
     108
      92
     122
$ROI:
1
365 371
$PRESETS:
None
0
0
$ENER_FIT:
346.725098 6.077917
$MCA_CAL:
3
3.467251E+002 6.077917E+000 0.000000E+000 keV
$SHAPE_CAL:
3
7.978382E+000 1.783549E-002 0.000000E+000
