$SPEC_ID:
amcscali
$SPEC_REM:
DET# 1
DETDESC# CHI MCB 25
AP# GammaVision Version 6.09
$DATE_MEA:
02/09/2018 11:39:10
$MEAS_TIM:
292 300
$DATA:
0 511
       0
       0
       0
       0
       0
       0
       0
       0
       0
       0
       0
       0
       0
       0
     249
   26219
   25272
   23614
   22308
   21008
   20529
   19697
   18359
   17331
   16318
   15488
   14949
   13612
   12099
   10863
   10054
    9607
    9163
    8572
    7941
    7544
    7266
    7321
    7456
    7094
    6526
    5807
    5343
    4970
    5102
    5056
    5293
    5526
    5652
    5048
    4429
    3790
    3655
    3557
    3619
    3770
    3789
    3489
    3210
    2945
    2701
    2664
    2806
    3130
    3406
    4012
    4369
    4380
    4554
    4673
    4851
    5566
    5505
    5144
    4248
    3333
    2865
    2770
    2818
    2644
    2420
    2056
    1669
    1568
    1460
    1333
    1343
    1270
    1216
    1256
    1191
    1209
    1230
    1174
    1227
    1289
    1267
    1215
    1226
    1185
    1235
    1158
    1128
    1041
    1102
    1093
    1042
     905
     893
     882
     813
     777
     840
     796
     801
     772
     835
     851
     951
    1030
    1171
    1394
    1678
    1815
    2041
    2001
    1978
    1604
    1340
     993
     796
     685
     636
     652
     625
     725
     844
     960
    1166
    1365
    1548
    1530
    1498
    1313
    1113
     901
     774
     652
     618
     632
     768
     946
    1106
    1223
    1282
    1184
    1136
     908
     717
     498
     378
     264
     200
     167
     142
     155
     155
     150
     146
     147
     140
     128
     145
     109
     103
     115
     107
     105
     117
     121
     156
     176
     198
     209
     195
     188
     205
     170
     155
     145
     121
     112
      97
     103
      89
      65
      71
      78
      61
      76
      59
      55
      71
      66
      63
      56
      54
      48
      53
      51
      58
      49
      46
      50
      44
      65
      68
      75
      66
      91
      81
      83
      95
      79
      72
      81
      94
      74
      73
      91
      76
      82
      74
      58
      56
      59
      47
      42
      56
      58
      38
      48
      53
      36
      36
      35
      20
      29
      27
      35
      28
      32
      23
      28
      23
      23
      20
      18
      24
      25
      30
      30
      31
      42
      70
      71
      99
     110
     126
     128
     140
     151
     129
     131
     108
      87
      73
      51
      34
      23
      20
      19
       8
       8
       4
       2
       1
       2
       1
       3
       1
       2
       0
       3
       1
       4
       1
       0
       0
       2
       3
       2
       3
       2
       3
       1
       3
       1
       2
       3
       2
       1
       0
       4
       2
       1
       0
       3
       3
       2
       3
       2
       3
       0
       0
       0
       0
       0
       0
       2
       3
       1
       2
       5
       0
       0
       2
       3
       0
       1
       0
       2
       1
       4
       2
       0
       0
       4
       0
       2
       3
       2
       1
       3
       2
       2
       0
       1
       3
       1
       1
       1
       1
       5
       5
       1
       2
       1
       0
       1
       0
       2
       1
       2
       2
       1
       1
       2
       4
       1
       1
       1
       1
       0
       0
       2
       0
       2
       2
       2
       1
       1
       0
       3
       1
       1
       2
       0
       0
       2
       1
       0
       0
       1
       1
       1
       0
       1
       1
       1
       0
       1
       1
       0
       2
       1
       0
       3
       1
       0
       1
       0
       0
       0
       1
       1
       2
       3
       1
       2
       2
       2
       3
       1
       0
       0
       0
       1
       1
       1
       1
       0
       1
       0
       0
       0
       0
       2
       1
       1
       1
       5
       1
       0
       1
       3
       0
       1
       1
       1
       0
       1
       2
       1
       0
       1
       0
       1
       0
       0
       2
       1
       0
       1
       3
       0
       0
       2
       1
       2
       1
       1
       2
       0
       2
       1
       0
       2
       1
       2
       0
       0
       0
       0
       0
       2
       3
       1
       1
       2
      54
      94
      89
     101
     117
      93
      97
      99
     106
      94
     113
      87
$ROI:
1
365 371
$PRESETS:
None
0
0
$ENER_FIT:
346.725098 6.077917
$MCA_CAL:
3
3.467251E+002 6.077917E+000 0.000000E+000 keV
$SHAPE_CAL:
3
7.978382E+000 1.783549E-002 0.000000E+000
