$SPEC_ID:
amcscali
$SPEC_REM:
DET# 1
DETDESC# CHI MCB 25
AP# GammaVision Version 6.09
$DATE_MEA:
02/09/2018 12:02:17
$MEAS_TIM:
1763 1800
$DATA:
0 511
       0
       0
       0
       0
       0
       0
       0
       0
       0
       0
       0
       0
       0
       0
    1165
  141887
  136611
  127944
  120242
  112968
  106265
   99698
   92746
   87004
   81347
   77819
   75980
   70322
   62675
   55949
   52169
   49793
   47732
   45410
   42326
   38934
   38462
   38615
   39665
   38458
   34692
   30712
   27903
   26278
   26356
   27015
   28753
   30511
   29558
   26685
   22685
   19997
   19088
   19209
   19868
   20895
   20722
   19144
   16788
   15240
   14254
   14468
   15733
   17387
   20030
   22462
   24134
   23834
   20853
   17220
   14172
   12700
   11784
   11439
   11173
   11756
   13041
   14958
   15418
   14929
   12725
   10166
    8362
    7412
    6703
    6383
    6126
    5916
    5705
    5507
    5423
    5331
    5303
    5344
    5402
    5494
    5710
    5729
    5858
    5850
    5791
    5716
    5562
    5546
    5338
    5052
    4510
    4305
    3946
    3716
    3707
    3605
    3709
    3588
    3936
    4057
    4195
    4574
    4474
    4668
    4837
    4828
    4645
    4647
    4492
    4296
    4067
    3713
    3465
    3232
    3145
    3129
    3168
    3209
    3227
    3289
    3235
    3047
    3054
    2947
    2885
    2835
    2687
    2542
    2483
    2480
    2540
    2806
    3330
    4049
    4951
    6097
    6800
    7547
    7899
    7171
    6187
    4954
    3821
    2697
    1957
    1435
    1101
    1009
     931
     852
     859
     816
     868
     811
     807
     718
     661
     678
     660
     641
     679
     696
     719
     805
     992
    1022
    1198
    1225
    1280
    1281
    1159
    1028
     880
     817
     675
     611
     565
     520
     478
     412
     422
     427
     374
     371
     368
     328
     329
     318
     309
     292
     312
     289
     313
     268
     275
     267
     322
     318
     347
     351
     386
     410
     487
     512
     511
     501
     535
     479
     499
     520
     524
     495
     503
     493
     494
     466
     410
     423
     366
     346
     321
     290
     313
     288
     270
     231
     245
     237
     209
     217
     181
     181
     191
     183
     181
     192
     142
     158
     145
     163
     130
     128
     141
     148
     158
     203
     270
     343
     499
     513
     648
     746
     810
     826
     843
     842
     819
     662
     533
     468
     282
     256
     185
     121
      98
      52
      57
      29
      23
      18
      17
      13
      14
      11
      15
      12
      13
      22
      12
       8
      13
      12
       9
      11
      11
      14
      14
      11
      14
      10
      13
       8
      13
      14
      10
       5
      13
      13
       9
      12
      11
       8
      12
      11
      13
       9
      15
       7
       8
      11
      11
      10
       9
      16
       8
       4
       8
       7
       4
       7
      10
      13
      15
      13
       9
       9
       6
       5
       4
       6
      13
       3
       5
       6
       5
       4
       6
      16
      16
       9
      10
       9
      11
      10
      10
       7
      14
      11
       5
       5
      11
      11
      11
      11
       7
       9
       6
       8
       8
       3
       7
      11
      12
      10
       6
       6
       3
       3
       5
      11
       8
       3
       7
      14
      10
       4
       8
       8
       6
       2
       1
       3
       6
       2
       6
       2
      10
       6
       4
       3
       8
       5
       8
       6
       8
       4
       7
       6
       8
      10
       6
       2
       3
       8
       3
       8
       7
       9
       5
       6
       6
       5
       5
       6
       9
       2
       2
       7
       6
       8
       7
       5
       5
       4
       5
       5
       6
      10
       7
       6
       6
       8
       7
       6
       6
       5
       5
       3
       4
       7
       8
      10
       6
       1
       8
       8
       8
       3
       3
       7
       6
       3
       7
       6
       8
       5
       4
       3
       5
       1
       8
       6
       5
      11
       6
       6
       4
       7
       6
       8
       8
       3
       9
       7
       6
       3
       3
       7
       7
       3
       4
       5
       5
       7
     339
     701
     662
     663
     641
     633
     634
     651
     666
     689
     643
     626
$ROI:
1
365 371
$PRESETS:
None
0
0
$ENER_FIT:
346.725098 6.077917
$MCA_CAL:
3
3.467251E+002 6.077917E+000 0.000000E+000 keV
$SHAPE_CAL:
3
7.978382E+000 1.783549E-002 0.000000E+000
