$SPEC_ID:
amcscali
$SPEC_REM:
DET# 1
DETDESC# CHI MCB 25
AP# GammaVision Version 6.09
$DATE_MEA:
02/09/2018 11:21:52
$MEAS_TIM:
292 300
$DATA:
0 511
       0
       0
       0
       0
       0
       0
       0
       0
       0
       0
       0
       0
       0
       0
     229
   27075
   26246
   24193
   22605
   21742
   20917
   20295
   18902
   17916
   16894
   16069
   15360
   14211
   12782
   11331
   10344
    9842
    9446
    8862
    8214
    7602
    7470
    7437
    7563
    7562
    6829
    5975
    5493
    5374
    5312
    5175
    5601
    6056
    6041
    5325
    4699
    4084
    3696
    3735
    3833
    3947
    3946
    3662
    3399
    2992
    2836
    2828
    2920
    3263
    3676
    4113
    4435
    4832
    4981
    5152
    5826
    6523
    6623
    6061
    4887
    3611
    3134
    3011
    2902
    2806
    2616
    2211
    1797
    1573
    1397
    1407
    1378
    1351
    1272
    1304
    1309
    1265
    1268
    1275
    1267
    1260
    1303
    1282
    1312
    1398
    1213
    1210
    1177
    1193
    1152
    1085
    1019
     933
     885
     888
     857
     827
     854
     805
     840
     867
     875
     977
    1012
    1102
    1281
    1546
    1807
    2113
    2289
    2380
    2165
    1834
    1460
    1149
     838
     704
     641
     664
     646
     795
     906
    1097
    1280
    1474
    1719
    1737
    1752
    1502
    1234
    1027
     741
     634
     604
     702
     787
     851
    1145
    1214
    1278
    1235
    1163
     862
     749
     555
     404
     282
     229
     194
     154
     135
     153
     119
     147
     152
     112
     113
     131
     124
     109
      88
     110
      96
     129
     121
     140
     167
     161
     202
     226
     234
     189
     177
     178
     142
     126
      92
     104
      86
      96
      69
      94
      69
      57
      66
      60
      65
      59
      63
      49
      48
      62
      54
      44
      42
      52
      54
      50
      45
      47
      54
      48
      66
      63
      79
      96
      90
      87
      90
      71
      87
      79
      98
      86
     100
      79
      73
      80
      62
      54
      74
      53
      56
      47
      40
      46
      50
      45
      37
      36
      39
      24
      29
      29
      34
      27
      26
      28
      31
      31
      33
      28
      20
      26
      21
      31
      29
      35
      58
      58
      89
      83
      89
     115
     148
     134
     170
     131
     124
     110
      82
      66
      62
      51
      30
      28
      13
       8
       3
       6
       7
       9
       4
       3
       4
       3
       1
       1
       2
       2
       2
       2
       5
       4
       1
       3
       2
       7
       1
       1
       3
       1
       0
       2
       4
       1
       4
       2
       2
       2
       3
       4
       0
       1
       1
       1
       1
       2
       3
       3
       1
       0
       2
       1
       3
       3
       4
       1
       0
       2
       3
       2
       3
       2
       2
       2
       3
       0
       1
       2
       2
       2
       1
       1
       1
       1
       3
       1
       3
       1
       1
       2
       1
       1
       3
       1
       1
       3
       4
       0
       1
       1
       1
       0
       3
       0
       2
       3
       1
       6
       2
       0
       0
       2
       0
       2
       0
       1
       0
       0
       6
       2
       0
       2
       1
       2
       3
       3
       2
       1
       2
       1
       1
       0
       0
       1
       1
       4
       2
       1
       1
       0
       1
       1
       1
       3
       2
       2
       0
       2
       1
       3
       0
       1
       2
       0
       0
       1
       1
       1
       1
       1
       2
       5
       2
       0
       2
       3
       1
       1
       1
       0
       2
       0
       0
       0
       1
       1
       1
       2
       2
       3
       2
       2
       1
       2
       1
       0
       0
       1
       1
       1
       0
       0
       2
       1
       0
       0
       1
       2
       1
       0
       0
       2
       0
       3
       2
       2
       0
       1
       1
       1
       0
       1
       1
       3
       2
       2
       0
       0
       0
       1
       3
       3
       0
       0
       1
       1
       2
       1
       1
       1
       3
       2
       2
      56
     120
     104
     112
     104
     128
     121
     113
     106
      99
     109
      94
$ROI:
1
365 371
$PRESETS:
None
0
0
$ENER_FIT:
346.725098 6.077917
$MCA_CAL:
3
3.467251E+002 6.077917E+000 0.000000E+000 keV
$SHAPE_CAL:
3
7.978382E+000 1.783549E-002 0.000000E+000
