$SPEC_ID:
amcscali
$SPEC_REM:
DET# 1
DETDESC# CHI MCB 25
AP# GammaVision Version 6.09
$DATE_MEA:
02/09/2018 11:56:11
$MEAS_TIM:
292 300
$DATA:
0 511
       0
       0
       0
       0
       0
       0
       0
       0
       0
       0
       0
       0
       0
       0
     256
   27550
   26062
   24382
   22975
   21356
   20769
   20073
   19399
   17836
   17003
   16179
   15386
   14245
   12477
   11182
   10464
    9867
    9344
    8767
    8415
    7755
    7542
    7300
    7563
    7451
    6618
    5932
    5372
    5167
    5190
    5294
    5657
    5818
    5708
    5409
    4394
    4058
    3767
    3600
    3732
    3911
    3905
    3662
    3177
    2945
    2811
    2790
    2977
    3293
    3703
    4024
    4551
    4779
    5089
    5514
    6293
    7399
    7291
    6270
    4966
    3789
    3088
    2872
    2926
    2677
    2366
    1934
    1717
    1526
    1406
    1366
    1310
    1288
    1315
    1294
    1281
    1323
    1283
    1311
    1307
    1348
    1398
    1355
    1329
    1322
    1342
    1276
    1176
    1201
    1143
    1063
    1006
     930
     916
     885
     845
     909
     883
     843
     831
     916
     915
     983
    1042
    1270
    1458
    1739
    2093
    2448
    2511
    2499
    2227
    1819
    1428
    1043
     797
     644
     636
     662
     703
     888
    1032
    1197
    1592
    1759
    1978
    1931
    1831
    1604
    1239
     979
     752
     635
     661
     700
     855
    1076
    1176
    1295
    1346
    1191
    1069
     904
     633
     456
     354
     217
     196
     175
     147
     155
     145
     142
     125
     122
     127
     122
     111
     111
     114
     122
     103
     106
     132
     136
     166
     193
     182
     204
     243
     222
     214
     176
     148
     124
     102
     107
      78
     102
      82
      74
      82
      64
      69
      47
      65
      52
      46
      58
      54
      55
      50
      52
      47
      39
      41
      45
      54
      48
      54
      65
      59
      81
      70
      78
      97
      77
      89
      79
      98
      73
      83
      70
      88
      87
      89
      86
      65
      84
      59
      59
      47
      56
      53
      39
      40
      38
      48
      30
      34
      29
      36
      25
      34
      32
      31
      35
      25
      31
      25
      28
      25
      23
      13
      30
      24
      45
      43
      61
      78
      94
     119
     138
     135
     137
     143
     160
     139
      97
      96
      47
      65
      44
      36
      17
      17
      11
      12
       7
       9
       3
       3
       2
       1
       2
       1
       2
       2
       1
       0
       3
       1
       2
       1
       2
       1
       2
       2
       4
       1
       3
       5
       5
       4
       1
       1
       2
       2
       0
       2
       0
       3
       1
       1
       1
       3
       0
       3
       0
       6
       4
       1
       3
       0
       3
       2
       1
       1
       2
       2
       0
       2
       4
       2
       1
       3
       3
       2
       1
       1
       4
       2
       1
       1
       0
       3
       4
       1
       0
       0
       2
       1
       2
       3
       4
       3
       2
       3
       1
       2
       2
       2
       0
       0
       0
       1
       3
       4
       1
       1
       2
       4
       0
       1
       0
       2
       0
       1
       0
       1
       1
       2
       4
       3
       3
       1
       1
       1
       1
       0
       1
       1
       0
       1
       1
       0
       2
       0
       1
       0
       2
       0
       2
       1
       1
       0
       1
       0
       0
       3
       1
       3
       1
       3
       0
       1
       2
       2
       1
       1
       0
       2
       1
       4
       1
       1
       1
       1
       1
       0
       1
       1
       1
       1
       0
       1
       0
       0
       1
       2
       1
       1
       0
       2
       1
       1
       1
       0
       0
       0
       0
       0
       2
       2
       3
       0
       0
       0
       1
       0
       1
       0
       0
       0
       0
       1
       0
       1
       0
       0
       2
       2
       0
       1
       1
       1
       2
       1
       0
       3
       1
       3
       2
       1
       3
       1
       0
       2
       0
       0
       1
       1
       1
       0
       0
      48
     107
     111
     108
     110
      91
     123
     109
      99
     103
      85
     103
$ROI:
1
365 371
$PRESETS:
None
0
0
$ENER_FIT:
346.725098 6.077917
$MCA_CAL:
3
3.467251E+002 6.077917E+000 0.000000E+000 keV
$SHAPE_CAL:
3
7.978382E+000 1.783549E-002 0.000000E+000
