$SPEC_ID:
amcscali
$SPEC_REM:
DET# 1
DETDESC# CHI MCB 25
AP# GammaVision Version 6.09
$DATE_MEA:
02/09/2018 11:27:34
$MEAS_TIM:
292 300
$DATA:
0 511
       0
       0
       0
       0
       0
       0
       0
       0
       0
       0
       0
       0
       0
       0
     244
   27562
   26154
   24731
   23004
   21903
   21266
   20605
   19118
   17991
   17404
   16442
   15582
   14315
   12785
   11318
   10514
   10088
    9449
    8918
    8427
    7956
    7710
    7756
    7693
    7607
    6978
    6137
    5612
    5340
    5434
    5523
    5679
    6123
    5996
    5507
    4751
    4193
    3797
    3773
    3803
    3961
    3928
    3834
    3345
    3061
    2850
    2951
    3015
    3358
    3758
    4235
    4586
    5046
    5071
    5478
    6421
    7034
    7250
    6578
    5150
    3957
    3201
    3053
    3006
    2904
    2503
    2178
    1798
    1529
    1497
    1478
    1411
    1385
    1359
    1228
    1267
    1271
    1272
    1298
    1251
    1330
    1386
    1407
    1425
    1374
    1314
    1316
    1260
    1208
    1164
    1075
    1073
     938
     943
     859
     869
     916
     871
     859
     893
     871
     902
     974
    1041
    1112
    1367
    1611
    2043
    2333
    2535
    2566
    2287
    1936
    1503
    1094
     851
     752
     699
     632
     664
     835
     985
    1138
    1456
    1662
    1901
    2030
    1888
    1569
    1361
     991
     818
     712
     643
     699
     778
     951
    1135
    1184
    1374
    1301
    1125
     928
     673
     514
     367
     289
     205
     186
     157
     172
     158
     152
     157
     149
     138
     133
     131
     119
     110
     115
      86
     116
     104
     123
     138
     180
     191
     219
     209
     215
     200
     179
     154
     138
     122
     105
      93
      99
      90
      76
      80
      72
      56
      52
      62
      57
      58
      47
      63
      57
      70
      46
      57
      38
      51
      47
      51
      51
      63
      48
      70
      77
      85
      76
      84
      97
      84
      88
      82
      93
      91
      82
     107
      90
      89
      77
      85
      85
      57
      49
      63
      50
      39
      53
      42
      41
      36
      37
      45
      36
      34
      40
      35
      36
      36
      30
      29
      31
      28
      19
      25
      19
      17
      21
      28
      32
      27
      44
      66
      72
     111
     121
     137
     142
     134
     129
     133
     132
     108
      71
      65
      57
      45
      34
      19
      16
      11
       6
       2
       4
       4
       3
       2
       2
       2
       2
       2
       1
       3
       1
       3
       1
       1
       2
       1
       2
       1
       4
       1
       1
       2
       3
       2
       3
       1
       0
       4
       1
       2
       5
       3
       3
       1
       1
       5
       0
       3
       2
       3
       1
       0
       2
       4
       2
       0
       2
       4
       0
       1
       1
       3
       2
       0
       2
       2
       2
       1
       2
       1
       2
       0
       0
       0
       1
       1
       3
       1
       0
       1
       0
       2
       2
       3
       2
       0
       0
       1
       1
       1
       2
       3
       4
       0
       0
       0
       3
       0
       4
       0
       1
       1
       0
       1
       1
       2
       0
       0
       2
       0
       0
       2
       0
       2
       0
       0
       0
       0
       1
       0
       2
       0
       2
       0
       2
       1
       0
       2
       0
       0
       0
       0
       0
       0
       1
       3
       1
       2
       1
       1
       0
       0
       4
       3
       1
       1
       2
       2
       0
       0
       0
       2
       1
       0
       4
       1
       1
       1
       1
       0
       0
       0
       0
       1
       0
       0
       0
       0
       1
       0
       0
       2
       0
       0
       2
       1
       1
       1
       0
       0
       1
       2
       1
       1
       2
       1
       0
       0
       1
       1
       2
       1
       0
       2
       0
       0
       1
       1
       3
       2
       0
       1
       1
       0
       1
       0
       6
       0
       1
       2
       1
       0
       0
       0
       4
       0
       1
       2
       1
       2
       2
       0
       1
       2
       0
      45
     113
      91
     104
     113
     102
     113
     112
     115
     106
     117
     105
$ROI:
1
365 371
$PRESETS:
None
0
0
$ENER_FIT:
346.725098 6.077917
$MCA_CAL:
3
3.467251E+002 6.077917E+000 0.000000E+000 keV
$SHAPE_CAL:
3
7.978382E+000 1.783549E-002 0.000000E+000
