$SPEC_ID:
No sample description was entered.
$SPEC_REM:
DET# 1
DETDESC# RHINOPROJECT-PC digiBASE-RH SN 16308615
AP# Maestro Version 7.01
$DATE_MEA:
02/09/2018 10:38:56
$MEAS_TIM:
296 300
$DATA:
0 1023
       0
       0
       0
       0
       0
       0
       0
       0
       0
       0
    1044
   10311
   15347
   17987
   20273
   21448
   21623
   22075
   21819
   21687
   22220
   21945
   21154
   19815
   18658
   17630
   16825
   15987
   15685
   15111
   14552
   14412
   13852
   13427
   12759
   12275
   11949
   11606
   11282
   10708
   10386
    9876
    9063
    8195
    7718
    7339
    7184
    6613
    6593
    6385
    6144
    5710
    5498
    5375
    5253
    5167
    5156
    5121
    5102
    5027
    4769
    4430
    4029
    3963
    3781
    3580
    3732
    3644
    3670
    3793
    3913
    4082
    4069
    3772
    3479
    3254
    2870
    2735
    2565
    2502
    2468
    2632
    2651
    2686
    2658
    2505
    2458
    2324
    2171
    2046
    1933
    2043
    1996
    2183
    2219
    2389
    2568
    2755
    2958
    3088
    3189
    3378
    3625
    3813
    4126
    4542
    4820
    5077
    4951
    4561
    3888
    3257
    2703
    2355
    2119
    2012
    1950
    1953
    1819
    1731
    1556
    1437
    1218
    1113
    1041
    1012
     966
     915
     949
     888
     905
     892
     862
     915
     875
     850
     839
     811
     845
     810
     898
     890
     921
     879
     941
     984
    1016
     950
     881
     897
     877
     848
     837
     791
     813
     802
     755
     746
     738
     758
     606
     640
     650
     607
     587
     577
     574
     653
     588
     581
     588
     596
     647
     637
     669
     674
     768
     837
     881
    1041
    1142
    1273
    1439
    1584
    1727
    1680
    1716
    1598
    1383
    1350
    1065
     876
     697
     610
     494
     488
     475
     475
     458
     494
     518
     555
     694
     802
     916
    1055
    1223
    1263
    1284
    1294
    1272
    1192
    1119
    1044
     844
     709
     601
     536
     462
     464
     459
     513
     560
     585
     616
     724
     778
     847
     923
     858
     847
     787
     699
     598
     534
     409
     337
     284
     244
     185
     177
     155
     128
     147
      96
     117
     100
      91
     106
      89
      96
      81
      97
      95
      76
      78
      90
      74
      72
      69
      74
      84
      77
      72
      75
     100
     100
     119
     111
     139
     148
     140
     168
     150
     151
     138
     134
     140
     108
     116
     100
      86
      93
      73
      81
      59
      66
      51
      56
      49
      59
      61
      51
      46
      45
      37
      41
      33
      37
      44
      47
      29
      37
      47
      41
      32
      28
      24
      37
      31
      21
      31
      32
      29
      34
      34
      36
      37
      42
      53
      47
      48
      41
      59
      59
      58
      63
      66
      59
      58
      59
      63
      58
      49
      59
      63
      60
      64
      52
      57
      77
      42
      61
      67
      55
      52
      45
      44
      39
      32
      44
      34
      33
      34
      23
      37
      37
      30
      28
      20
      33
      17
      20
      26
      22
      23
      24
      24
      25
      23
      20
      20
      22
      15
      18
      24
      17
      11
      12
      17
      11
      23
      16
      24
      14
      19
      22
      39
      31
      31
      55
      57
      64
      66
      81
      83
      92
     105
      96
     117
      74
      81
      77
      84
      68
      75
      60
      50
      43
      34
      27
      24
      13
      11
       8
      11
       6
       3
       2
       6
       4
       2
       1
       1
       2
       0
       4
       1
       0
       2
       3
       1
       1
       1
       2
       0
       2
       0
       0
       0
       0
       1
       2
       4
       0
       1
       1
       1
       1
       3
       2
       1
       1
       1
       2
       1
       2
       0
       2
       0
       0
       0
       2
       3
       0
       2
       1
       2
       3
       0
       2
       2
       1
       2
       3
       2
       2
       0
       0
       2
       1
       0
       2
       2
       1
       1
       1
       1
       4
       1
       0
       1
       3
       0
       1
       0
       0
       2
       0
       2
       1
       2
       0
       2
       3
       2
       0
       1
       0
       0
       0
       1
       0
       1
       0
       1
       0
       0
       1
       4
       0
       0
       1
       1
       2
       3
       0
       1
       0
       2
       1
       1
       0
       1
       1
       2
       1
       0
       0
       1
       0
       0
       0
       0
       0
       0
       3
       1
       0
       1
       1
       0
       2
       0
       0
       0
       0
       1
       1
       0
       0
       1
       1
       0
       0
       0
       0
       1
       1
       0
       0
       1
       1
       1
       1
       2
       0
       1
       2
       1
       1
       0
       0
       0
       0
       0
       1
       1
       2
       1
       1
       1
       2
       1
       1
       0
       0
       0
       0
       2
       0
       1
       3
       0
       0
       0
       1
       0
       1
       0
       2
       1
       2
       0
       0
       2
       1
       1
       0
       0
       0
       0
       1
       1
       0
       0
       1
       0
       0
       0
       1
       0
       0
       0
       1
       0
       1
       0
       0
       1
       1
       0
       2
       1
       1
       0
       0
       1
       2
       0
       1
       0
       0
       1
       0
       0
       0
       1
       1
       1
       1
       0
       1
       0
       4
       0
       1
       2
       0
       1
       0
       0
       1
       1
       1
       1
       0
       0
       0
       0
       1
       2
       2
       0
       0
       0
       0
       0
       0
       0
       0
       1
       0
       1
       1
       1
       0
       0
       0
       1
       0
       1
       4
       0
       1
       1
       1
       1
       0
       2
       0
       2
       1
       1
       1
       0
       1
       0
       0
       1
       0
       0
       1
       1
       1
       1
       1
       0
       3
       1
       0
       1
       1
       0
       1
       1
       0
       0
       0
       0
       0
       1
       0
       0
       2
       0
       0
       0
       1
       1
       0
       0
       2
       0
       0
       1
       0
       0
       0
       1
       0
       0
       0
       0
       1
       0
       1
       1
       0
       0
       0
       1
       1
       1
       1
       0
       0
       0
       0
       0
       1
       0
       0
       0
       1
       0
       0
       1
       2
       1
       1
       2
       0
       0
       1
       1
       0
       1
       0
       0
       0
       0
       2
       0
       1
       0
       1
       0
       1
       3
       1
       0
       0
       0
       1
       0
       0
       0
       0
       1
       2
       0
       1
       0
       1
       1
       0
       1
       1
       0
       1
       0
       0
       2
       1
       0
       1
       0
       0
       1
       0
       1
       0
       1
       1
       2
       0
       0
       0
       0
       1
       1
       1
       1
       0
       1
       1
       1
       0
       1
       0
       1
       1
       0
       0
       0
       0
       0
       2
       1
       1
       1
       0
       1
       1
       1
       0
       0
       0
       2
       1
       0
       1
       0
       1
       0
       1
       0
       1
       0
       0
       0
       0
       1
       1
       1
       2
       1
       0
       1
       0
       0
       0
       1
       1
       0
       0
       1
       0
       0
       0
       0
       1
       0
       1
       1
       0
       0
       0
       0
       0
       0
       0
       0
       0
       0
       0
       0
       0
       1
       1
       1
       1
       0
       1
       0
       0
       0
       0
       1
       1
       0
       0
       0
       1
       1
       0
       0
       2
       0
       1
       1
       1
       0
       1
       1
       0
       0
       0
       1
       0
       1
       0
       1
       0
       0
       0
       1
       0
       1
       0
       0
       0
       1
       0
       2
       0
       0
       0
       0
       0
       0
       0
       0
       1
       0
       0
       0
       1
       0
       2
       0
       0
       0
       0
       0
       0
       1
       0
       0
       0
       0
       0
       0
       0
       0
       0
       0
       2
       0
       1
       0
       1
       1
       0
       0
       0
       0
       0
       0
       0
       0
       0
       0
$ROI:
0
$PRESETS:
None
0
0
$ENER_FIT:
0.000000 0.000000
$MCA_CAL:
3
3.467251E+002 6.077917E+000 0.000000E+000
$SHAPE_CAL:
3
0.000000E+000 0.000000E+000 0.000000E+000
