$SPEC_ID:
No sample description was entered.
$SPEC_REM:
DET# 1
DETDESC# RHINOPROJECT-PC digiBASE-RH SN 16308615
AP# Maestro Version 7.01
$DATE_MEA:
02/09/2018 10:09:33
$MEAS_TIM:
296 300
$DATA:
0 1023
       0
       0
       0
       0
       0
       0
       0
       0
       0
       0
    1029
   10293
   15254
   18154
   20549
   21594
   22105
   22126
   21925
   21685
   22153
   22283
   21407
   20198
   18801
   18117
   16692
   16297
   15713
   15132
   14490
   14304
   14143
   13754
   12874
   12556
   11994
   11447
   11332
   10954
   10342
    9712
    9083
    8312
    7861
    7324
    7265
    6915
    6479
    6448
    6240
    5995
    5640
    5383
    5165
    5202
    5160
    5266
    5239
    5240
    4822
    4544
    4268
    3980
    3800
    3638
    3655
    3756
    3832
    3876
    4030
    4180
    4207
    3981
    3607
    3347
    2958
    2781
    2656
    2585
    2574
    2693
    2696
    2699
    2712
    2691
    2515
    2414
    2210
    1994
    1995
    1930
    1969
    2047
    2214
    2365
    2563
    2810
    3053
    3233
    3310
    3443
    3633
    3672
    3935
    4429
    4698
    4864
    4848
    4420
    4003
    3383
    2844
    2373
    2124
    2021
    2034
    2078
    1999
    1793
    1632
    1449
    1355
    1106
    1022
    1005
    1074
     998
     934
     922
     897
     872
     926
     886
     845
     828
     862
     897
     838
     856
     878
     885
     895
     898
     939
     904
     915
     916
     929
     885
     868
     911
     847
     807
     809
     773
     799
     739
     721
     635
     660
     667
     615
     622
     661
     611
     622
     560
     550
     594
     563
     570
     634
     656
     712
     653
     703
     809
     832
     973
    1068
    1205
    1369
    1538
    1621
    1584
    1737
    1523
    1475
    1400
    1066
     924
     796
     665
     512
     519
     448
     470
     446
     458
     504
     550
     668
     688
     795
    1001
    1062
    1163
    1272
    1340
    1306
    1193
    1186
    1022
     894
     787
     687
     559
     498
     441
     375
     451
     483
     607
     607
     749
     776
     843
     877
     861
     847
     813
     717
     646
     498
     466
     340
     272
     230
     175
     142
     139
     116
     132
      99
      98
      78
     109
      91
     105
      96
      93
      95
      86
     113
      78
      86
      82
      74
      81
      81
      95
      83
      85
      74
     107
      83
      96
     115
     126
     134
     135
     130
     126
     149
     124
     143
     127
     128
     100
     110
      86
      94
      75
      79
      62
      57
      46
      71
      46
      40
      53
      37
      48
      46
      32
      34
      45
      40
      27
      34
      46
      56
      40
      26
      36
      32
      39
      36
      29
      35
      34
      36
      28
      41
      34
      42
      33
      45
      50
      51
      51
      48
      48
      43
      70
      61
      57
      67
      60
      57
      73
      57
      59
      63
      54
      69
      55
      63
      58
      43
      63
      40
      53
      44
      48
      62
      40
      31
      47
      29
      35
      38
      26
      29
      32
      26
      34
      26
      23
      39
      28
      26
      30
      11
      27
      19
      23
      14
      25
      15
      18
      17
      12
      22
      20
      21
      18
      17
      11
      13
      12
      16
      13
      15
      24
      19
      22
      24
      42
      46
      52
      64
      70
      64
      65
      89
     129
     112
     104
     107
      91
      86
      80
     100
      64
      55
      77
      53
      37
      27
      25
      23
      17
       8
      14
      10
       7
       5
       2
       2
       2
       4
       2
       0
       1
       2
       1
       0
       3
       1
       1
       3
       1
       1
       4
       0
       2
       0
       3
       1
       1
       1
       0
       1
       1
       3
       0
       1
       4
       1
       1
       2
       2
       1
       0
       4
       1
       0
       0
       1
       1
       1
       1
       0
       1
       3
       2
       3
       1
       1
       1
       1
       2
       5
       0
       0
       1
       1
       2
       2
       1
       1
       1
       2
       3
       2
       3
       0
       0
       0
       1
       2
       0
       0
       1
       0
       1
       1
       2
       0
       0
       1
       0
       0
       0
       0
       1
       1
       2
       0
       1
       0
       1
       1
       0
       0
       3
       0
       1
       2
       2
       1
       1
       1
       3
       2
       0
       1
       1
       1
       1
       0
       2
       1
       1
       0
       3
       0
       4
       2
       0
       0
       2
       1
       1
       0
       1
       0
       1
       1
       1
       2
       1
       4
       0
       0
       1
       0
       0
       1
       1
       2
       1
       0
       0
       1
       0
       0
       0
       2
       1
       1
       0
       2
       0
       1
       1
       0
       1
       2
       0
       0
       0
       3
       0
       0
       0
       0
       1
       1
       0
       1
       2
       0
       1
       1
       2
       0
       0
       0
       0
       1
       2
       0
       1
       2
       2
       0
       1
       1
       0
       0
       0
       0
       1
       0
       0
       1
       2
       1
       0
       2
       1
       0
       0
       0
       0
       1
       2
       1
       0
       0
       1
       1
       2
       1
       0
       1
       0
       1
       1
       3
       0
       0
       0
       0
       1
       0
       1
       0
       0
       0
       0
       0
       1
       2
       1
       2
       2
       1
       1
       0
       0
       0
       0
       1
       2
       0
       0
       0
       1
       0
       1
       0
       0
       1
       0
       1
       0
       1
       2
       0
       0
       1
       0
       1
       0
       1
       1
       0
       2
       1
       1
       2
       0
       1
       0
       0
       0
       0
       1
       0
       0
       1
       0
       0
       0
       0
       2
       4
       0
       3
       0
       2
       0
       2
       2
       1
       1
       0
       1
       2
       0
       2
       0
       0
       1
       0
       0
       1
       3
       0
       1
       2
       2
       2
       0
       0
       0
       0
       1
       2
       1
       1
       1
       1
       0
       1
       0
       2
       1
       1
       0
       0
       1
       1
       1
       2
       2
       0
       0
       0
       0
       0
       1
       0
       0
       0
       0
       1
       1
       1
       1
       1
       0
       0
       0
       0
       1
       1
       0
       0
       1
       1
       1
       0
       0
       1
       0
       0
       0
       0
       0
       1
       1
       0
       1
       0
       0
       0
       0
       0
       1
       1
       1
       1
       1
       0
       1
       2
       0
       0
       0
       1
       0
       0
       1
       2
       0
       0
       0
       0
       0
       1
       1
       2
       0
       0
       0
       0
       0
       0
       0
       0
       0
       1
       1
       2
       0
       0
       1
       0
       0
       0
       0
       0
       0
       0
       1
       0
       0
       0
       1
       1
       0
       3
       1
       1
       1
       0
       0
       0
       0
       0
       0
       1
       0
       0
       0
       0
       1
       1
       0
       1
       0
       0
       0
       1
       0
       0
       0
       0
       0
       0
       0
       1
       1
       2
       1
       2
       0
       1
       1
       0
       0
       1
       3
       0
       1
       0
       0
       0
       1
       0
       0
       0
       0
       0
       1
       0
       0
       0
       0
       0
       0
       1
       1
       2
       0
       2
       1
       0
       2
       0
       0
       1
       0
       1
       0
       0
       1
       1
       0
       1
       0
       2
       0
       1
       0
       0
       0
       0
       1
       0
       1
       0
       1
       0
       0
       2
       0
       0
       2
       0
       0
       1
       0
       1
       0
       0
       0
       0
       2
       0
       0
       1
       0
       2
       0
       0
       0
       0
       0
       1
       0
       0
       0
       1
       2
       0
       0
       0
       0
       0
       0
       1
       0
       3
       0
       0
       0
       0
       0
       0
       0
       0
       2
       0
       1
       3
       0
       0
       2
       2
       0
       0
       1
       0
       0
       0
       0
       0
       0
       2
       1
       0
       0
       0
       1
       1
       1
       0
       1
$ROI:
0
$PRESETS:
None
0
0
$ENER_FIT:
0.000000 0.000000
$MCA_CAL:
3
0.000000E+000 0.000000E+000 0.000000E+000 
$SHAPE_CAL:
3
0.000000E+000 0.000000E+000 0.000000E+000
