$SPEC_ID:
No sample description was entered.
$SPEC_REM:
DET# 1
DETDESC# RHINOPROJECT-PC digiBASE-RH SN 16308615
AP# Maestro Version 7.01
$DATE_MEA:
02/09/2018 10:33:13
$MEAS_TIM:
296 300
$DATA:
0 1023
       0
       0
       0
       0
       0
       0
       0
       0
       0
       0
    1042
   10423
   15559
   18148
   20331
   21676
   21865
   22273
   22031
   21640
   22191
   22167
   21522
   20141
   18841
   17817
   17102
   16565
   15566
   15372
   14727
   14583
   14116
   13774
   13130
   12437
   12195
   11578
   11318
   11025
   10420
    9996
    9241
    8399
    7928
    7498
    7158
    6945
    6655
    6368
    6102
    6001
    5621
    5486
    5294
    5326
    5440
    5377
    5190
    5111
    4908
    4588
    4278
    3936
    3768
    3679
    3781
    3785
    3715
    4028
    4227
    4207
    4222
    3996
    3608
    3258
    3093
    2842
    2622
    2649
    2678
    2804
    2862
    2842
    2849
    2661
    2576
    2277
    2216
    2067
    2023
    1990
    2046
    2143
    2349
    2491
    2656
    2867
    3048
    3264
    3421
    3589
    3727
    3856
    4087
    4527
    4832
    5076
    4853
    4593
    3880
    3229
    2761
    2404
    2226
    2055
    2104
    2061
    2048
    1892
    1670
    1462
    1310
    1125
    1035
    1035
     955
     978
     969
     895
     898
     936
     930
     871
     884
     922
     891
     864
     878
     863
     883
     907
     912
     951
     972
     938
     976
     970
     925
     895
     878
     899
     874
     832
     836
     855
     736
     780
     704
     656
     659
     571
     656
     599
     585
     543
     628
     645
     610
     579
     585
     613
     636
     580
     660
     690
     756
     774
     860
     989
    1173
    1316
    1422
    1685
    1704
    1687
    1657
    1507
    1486
    1255
    1043
     884
     763
     656
     545
     494
     429
     456
     483
     473
     560
     585
     658
     733
     886
    1082
    1114
    1270
    1317
    1285
    1329
    1274
    1187
     977
     929
     739
     618
     525
     519
     447
     467
     487
     497
     594
     628
     760
     796
     800
     846
     877
     833
     761
     730
     607
     499
     460
     355
     266
     217
     178
     132
     124
     130
     113
      94
     113
      88
      98
     108
      99
     108
      97
     102
     101
      91
      76
      83
      73
      73
      90
      75
      82
      74
      86
      88
     120
     112
     124
     126
     111
     151
     151
     135
     148
     140
     141
     112
     129
     122
     101
      86
      89
      83
      75
      58
      62
      59
      63
      56
      61
      47
      47
      55
      49
      39
      44
      54
      37
      52
      49
      37
      37
      29
      35
      37
      34
      36
      33
      37
      49
      31
      41
      31
      41
      39
      25
      35
      35
      36
      57
      56
      54
      52
      55
      55
      60
      37
      60
      54
      57
      60
      54
      51
      62
      64
      65
      58
      56
      58
      58
      54
      59
      62
      51
      40
      48
      34
      46
      39
      34
      33
      35
      44
      41
      39
      27
      32
      20
      39
      37
      28
      28
      31
      23
      15
      32
      21
      14
      18
      16
      15
      21
      27
      16
      17
      26
      16
      18
      25
      14
      15
      18
       9
      16
      14
      17
      16
      34
      24
      38
      31
      57
      65
      69
      74
      88
      83
     105
     109
      88
     107
      90
      79
      85
      74
      65
      60
      49
      46
      35
      31
      18
      13
      10
       5
       4
      12
       8
       3
       2
       3
       0
       2
       0
       0
       2
       3
       3
       3
       2
       2
       0
       2
       3
       1
       3
       0
       0
       1
       3
       1
       5
       1
       3
       2
       2
       1
       0
       1
       1
       1
       0
       0
       1
       2
       0
       1
       2
       2
       1
       1
       1
       1
       5
       2
       1
       0
       2
       1
       1
       1
       0
       1
       1
       0
       2
       2
       0
       4
       1
       1
       2
       1
       3
       1
       0
       2
       2
       1
       1
       0
       3
       0
       0
       1
       4
       0
       2
       0
       2
       0
       0
       0
       0
       0
       0
       0
       2
       1
       0
       1
       0
       0
       2
       1
       1
       1
       1
       3
       1
       0
       0
       0
       0
       1
       3
       0
       0
       1
       0
       1
       2
       0
       0
       1
       1
       2
       0
       0
       0
       1
       2
       1
       1
       2
       1
       1
       1
       0
       0
       0
       0
       0
       1
       1
       2
       1
       1
       1
       2
       2
       1
       1
       1
       1
       2
       1
       1
       1
       0
       1
       2
       1
       1
       0
       1
       2
       1
       1
       3
       0
       0
       2
       0
       0
       1
       2
       0
       0
       0
       2
       1
       1
       0
       0
       2
       2
       0
       0
       0
       0
       2
       2
       0
       0
       0
       0
       3
       0
       0
       0
       2
       2
       0
       1
       2
       2
       0
       0
       0
       3
       0
       0
       0
       1
       0
       0
       1
       0
       1
       1
       2
       0
       2
       2
       1
       1
       1
       0
       3
       0
       0
       0
       1
       0
       1
       1
       1
       2
       0
       0
       1
       0
       1
       2
       1
       0
       0
       0
       0
       0
       1
       0
       0
       0
       1
       0
       0
       1
       0
       0
       1
       0
       0
       0
       1
       0
       1
       3
       1
       0
       1
       1
       0
       0
       2
       1
       0
       1
       0
       0
       0
       0
       2
       2
       1
       0
       0
       1
       0
       0
       2
       0
       1
       2
       0
       1
       1
       0
       0
       2
       1
       0
       2
       0
       1
       4
       2
       0
       1
       0
       1
       0
       1
       0
       1
       2
       0
       3
       2
       0
       0
       0
       1
       0
       0
       2
       1
       0
       0
       0
       1
       0
       1
       0
       0
       1
       1
       0
       0
       0
       1
       0
       0
       0
       2
       0
       0
       0
       0
       0
       0
       0
       0
       0
       1
       1
       1
       0
       0
       2
       0
       1
       0
       0
       1
       0
       0
       0
       1
       1
       0
       1
       3
       1
       2
       0
       0
       0
       0
       0
       0
       0
       0
       1
       0
       2
       0
       0
       1
       0
       0
       0
       1
       1
       0
       2
       1
       0
       1
       1
       0
       2
       0
       0
       1
       1
       1
       2
       0
       0
       1
       2
       0
       0
       1
       0
       0
       3
       1
       0
       1
       0
       0
       0
       1
       0
       1
       0
       1
       3
       0
       1
       2
       0
       0
       0
       0
       2
       0
       0
       1
       0
       1
       1
       0
       0
       1
       0
       0
       2
       1
       0
       0
       1
       1
       1
       0
       1
       0
       1
       0
       1
       0
       0
       0
       1
       1
       1
       0
       0
       0
       0
       0
       0
       0
       1
       0
       1
       0
       1
       0
       0
       1
       2
       1
       1
       1
       1
       0
       0
       0
       1
       0
       0
       1
       0
       0
       0
       0
       0
       1
       1
       1
       0
       1
       0
       1
       1
       0
       1
       1
       0
       1
       0
       0
       0
       0
       0
       1
       0
       0
       1
       0
       0
       1
       1
       0
       0
       0
       0
       2
       1
       0
       0
       0
       3
       1
       0
       0
       0
       0
       0
       1
       0
       0
       0
       1
       0
       0
       1
       0
       1
       0
       0
       2
       1
       0
       0
       2
       0
       2
       0
       0
       1
       1
       0
       2
       0
       1
       1
       1
       0
       1
       0
       1
       0
       0
       0
       0
       2
       1
       1
       0
       0
       0
       0
       0
       0
       0
       1
       0
       1
       0
       0
       1
       0
       0
       0
       1
       0
       1
       1
       2
       0
       0
       1
       0
       0
       0
       0
       1
       0
       0
$ROI:
0
$PRESETS:
None
0
0
$ENER_FIT:
0.000000 0.000000
$MCA_CAL:
3
3.467251E+002 6.077917E+000 0.000000E+000
$SHAPE_CAL:
3
0.000000E+000 0.000000E+000 0.000000E+000
