$SPEC_ID:
No sample description was entered.
$SPEC_REM:
DET# 1
DETDESC# RHINOPROJECT-PC digiBASE-RH SN 16308615
AP# Maestro Version 7.01
$DATE_MEA:
02/09/2018 10:21:27
$MEAS_TIM:
296 300
$DATA:
0 1023
       0
       0
       0
       0
       0
       0
       0
       0
       0
       0
     950
   10020
   14989
   17418
   19386
   20918
   21318
   21511
   21504
   21491
   21168
   20969
   20375
   18950
   17904
   17242
   16545
   15863
   15027
   14574
   14063
   13624
   13624
   13138
   12411
   11778
   11521
   11016
   10720
   10461
    9861
    9219
    8752
    7917
    7339
    7137
    6933
    6560
    6368
    5926
    5824
    5699
    5396
    5129
    4926
    4933
    5026
    5005
    5018
    4776
    4690
    4239
    3840
    3674
    3588
    3451
    3549
    3608
    3503
    3668
    3799
    3867
    3830
    3698
    3384
    3070
    2807
    2603
    2527
    2466
    2411
    2503
    2601
    2632
    2587
    2384
    2460
    2216
    1955
    1929
    1899
    1829
    1845
    1979
    2132
    2332
    2461
    2672
    2864
    3024
    3177
    3130
    3153
    3252
    3342
    3531
    3639
    3816
    3683
    3613
    3208
    2750
    2374
    2071
    1999
    2031
    2021
    2009
    1875
    1804
    1563
    1401
    1211
    1123
     968
     977
     965
     965
     923
     845
     856
     838
     798
     865
     852
     772
     806
     851
     827
     810
     882
     817
     833
     849
     906
     893
     845
     871
     856
     799
     803
     795
     826
     857
     824
     763
     804
     670
     668
     664
     643
     601
     559
     554
     548
     532
     528
     570
     539
     547
     506
     568
     566
     568
     616
     638
     698
     693
     792
     846
    1019
    1019
    1159
    1321
    1412
    1400
    1411
    1389
    1244
    1094
     927
     779
     696
     585
     513
     490
     431
     452
     432
     402
     479
     544
     613
     709
     744
     853
     886
     987
    1010
    1052
    1072
     973
     967
     865
     767
     636
     562
     461
     493
     447
     445
     489
     500
     592
     622
     745
     757
     829
     875
     873
     836
     784
     690
     613
     517
     445
     371
     287
     223
     201
     151
     146
     112
     117
      97
      91
      91
     100
      95
     105
      91
     101
      91
      81
      96
      79
      86
      77
      76
      88
      92
      66
      70
      68
      87
      98
      96
     106
     112
     118
     130
     119
     143
     158
     157
     142
     150
     130
     150
     103
      88
      90
      80
      59
      55
      68
      70
      59
      48
      43
      58
      50
      51
      52
      50
      43
      36
      45
      35
      40
      38
      39
      26
      39
      32
      42
      36
      40
      35
      38
      30
      27
      35
      35
      33
      28
      36
      41
      31
      35
      42
      44
      46
      60
      56
      66
      62
      70
      47
      65
      58
      58
      70
      71
      69
      60
      57
      53
      59
      47
      72
      58
      55
      66
      42
      42
      53
      43
      35
      48
      30
      49
      39
      31
      26
      30
      34
      30
      36
      23
      24
      26
      19
      30
      20
      24
      20
      23
      16
      16
      15
      31
      17
      19
      20
      12
      23
      24
      20
      23
      17
      19
      17
      15
      22
      18
      21
      23
      34
      33
      41
      48
      65
      67
      80
      80
      84
     107
     107
     114
      92
      94
      84
      92
      90
      68
      68
      59
      43
      47
      27
      20
      21
      13
      13
       9
       5
       6
       7
       2
       2
       2
       3
       2
       2
       2
       4
       2
       0
       0
       2
       0
       4
       0
       1
       1
       2
       1
       0
       1
       1
       0
       2
       0
       2
       2
       2
       3
       1
       1
       1
       2
       0
       2
       1
       0
       1
       0
       1
       1
       4
       2
       0
       3
       0
       1
       0
       2
       3
       0
       0
       1
       1
       1
       2
       1
       1
       0
       1
       2
       1
       1
       0
       1
       1
       0
       0
       1
       0
       1
       0
       1
       0
       1
       3
       0
       0
       3
       0
       4
       1
       0
       1
       2
       0
       2
       1
       0
       0
       0
       1
       1
       2
       2
       0
       2
       0
       2
       1
       0
       1
       0
       1
       3
       1
       2
       2
       1
       1
       0
       2
       2
       1
       0
       1
       1
       1
       0
       2
       0
       2
       0
       0
       1
       1
       0
       0
       1
       1
       3
       0
       1
       0
       0
       5
       1
       0
       0
       2
       3
       1
       3
       3
       2
       0
       1
       1
       1
       1
       3
       0
       4
       0
       0
       0
       1
       1
       1
       1
       0
       0
       1
       2
       0
       1
       1
       2
       0
       1
       1
       0
       0
       0
       1
       1
       0
       1
       1
       0
       2
       1
       0
       1
       2
       0
       3
       1
       0
       0
       2
       0
       0
       0
       0
       1
       1
       1
       1
       2
       1
       1
       0
       1
       0
       1
       3
       1
       0
       0
       0
       0
       1
       1
       1
       1
       0
       0
       0
       2
       1
       1
       1
       1
       0
       1
       1
       0
       0
       1
       0
       1
       0
       0
       1
       2
       1
       1
       1
       1
       1
       1
       0
       1
       1
       1
       0
       2
       0
       1
       0
       0
       0
       0
       1
       0
       0
       0
       0
       0
       0
       1
       0
       0
       0
       0
       0
       1
       0
       1
       0
       0
       0
       0
       2
       1
       0
       0
       0
       0
       0
       0
       0
       0
       0
       0
       1
       2
       1
       1
       1
       0
       0
       1
       1
       1
       2
       0
       1
       0
       2
       0
       0
       0
       1
       0
       0
       3
       0
       1
       0
       1
       1
       0
       1
       0
       1
       0
       1
       2
       0
       2
       0
       1
       0
       1
       1
       0
       0
       1
       1
       1
       1
       1
       2
       0
       0
       1
       1
       1
       0
       0
       0
       1
       0
       1
       0
       0
       3
       1
       0
       1
       0
       1
       1
       1
       0
       0
       1
       1
       1
       0
       0
       0
       1
       1
       0
       2
       0
       1
       1
       0
       1
       1
       0
       1
       0
       0
       0
       0
       0
       0
       0
       1
       1
       1
       2
       0
       2
       1
       0
       1
       1
       0
       0
       1
       2
       2
       2
       1
       1
       0
       1
       2
       2
       1
       1
       0
       0
       0
       1
       0
       0
       0
       0
       0
       0
       0
       0
       0
       3
       0
       0
       0
       0
       0
       0
       2
       1
       1
       1
       0
       2
       1
       1
       0
       0
       1
       1
       0
       2
       0
       0
       1
       0
       0
       0
       0
       2
       1
       1
       0
       1
       0
       1
       0
       1
       0
       1
       0
       0
       0
       0
       0
       1
       0
       1
       0
       0
       1
       0
       0
       1
       0
       0
       0
       0
       1
       0
       0
       0
       0
       0
       0
       1
       0
       0
       0
       0
       1
       1
       0
       2
       0
       0
       1
       1
       1
       0
       2
       0
       0
       1
       1
       0
       0
       0
       0
       0
       0
       1
       1
       0
       0
       0
       0
       1
       1
       1
       0
       0
       0
       1
       0
       1
       1
       0
       1
       1
       1
       1
       0
       1
       1
       0
       0
       0
       2
       1
       0
       0
       0
       1
       0
       1
       0
       2
       0
       0
       0
       0
       0
       0
       0
       0
       1
       0
       1
       0
       0
       1
       0
       0
       0
       0
       0
       0
       0
       0
       0
       0
       0
       0
       0
       0
       0
       0
       2
       1
       0
       0
       1
       0
       0
       0
       0
       0
       1
       0
       0
       1
       0
       1
       1
       0
       0
       1
       0
       0
       0
       1
       1
       0
       1
       0
$ROI:
0
$PRESETS:
None
0
0
$ENER_FIT:
0.000000 0.000000
$MCA_CAL:
3
3.467251E+002 6.077917E+000 0.000000E+000
$SHAPE_CAL:
3
0.000000E+000 0.000000E+000 0.000000E+000
