$SPEC_ID:
No sample description was entered.
$SPEC_REM:
DET# 1
DETDESC# RHINOPROJECT-PC digiBASE-RH SN 16308615
AP# Maestro Version 7.01
$DATE_MEA:
02/09/2018 10:27:23
$MEAS_TIM:
297 301
$DATA:
0 1023
       0
       0
       0
       0
       0
       0
       0
       0
       0
       0
     977
   10265
   15081
   17656
   19938
   21496
   21991
   22075
   21912
   21580
   22262
   21721
   21117
   19838
   18474
   17668
   16809
   16160
   15497
   15087
   14398
   14451
   13941
   13462
   12902
   12218
   12075
   11266
   10823
   10667
   10256
    9701
    9028
    8214
    7716
    7399
    7046
    6812
    6569
    6314
    5986
    5774
    5556
    5349
    5219
    5102
    5239
    5330
    5235
    5123
    4913
    4518
    4194
    3869
    3698
    3714
    3639
    3779
    3774
    3954
    3972
    4080
    4124
    3791
    3607
    3242
    2911
    2769
    2646
    2565
    2549
    2692
    2766
    2768
    2765
    2596
    2484
    2297
    2134
    2059
    2004
    1986
    1999
    2085
    2214
    2394
    2693
    2850
    3084
    3200
    3419
    3437
    3611
    3579
    3700
    3972
    4300
    4496
    4299
    4053
    3510
    2996
    2547
    2314
    2088
    2172
    2124
    2063
    1925
    1792
    1669
    1433
    1246
    1162
    1071
    1034
     983
     952
     885
     945
     853
     916
     908
     874
     918
     852
     834
     888
     833
     818
     849
     845
     894
     895
     875
     921
     907
     915
     830
     868
     838
     867
     844
     810
     860
     772
     800
     751
     700
     648
     652
     673
     593
     565
     552
     609
     605
     577
     549
     598
     563
     604
     554
     628
     635
     714
     700
     786
     847
     968
    1107
    1137
    1324
    1402
    1476
    1477
    1419
    1366
    1239
    1221
     982
     934
     718
     601
     509
     475
     466
     435
     441
     449
     556
     575
     623
     709
     774
    1005
     972
    1077
    1204
    1189
    1184
    1129
    1051
     917
     829
     686
     653
     559
     460
     418
     451
     453
     480
     590
     657
     733
     826
     806
     867
     897
     811
     817
     668
     602
     534
     442
     343
     250
     219
     189
     161
     136
     110
     113
     106
     107
     110
      87
      92
      93
     103
      98
      90
      86
      86
      92
      80
      75
      75
      75
      73
      55
      76
      93
      82
      88
     102
      84
     114
     118
     132
     131
     142
     157
     148
     134
     122
     117
     113
     116
     108
      87
      81
      71
      64
      67
      63
      64
      44
      44
      40
      46
      47
      30
      45
      37
      42
      40
      44
      30
      35
      36
      44
      36
      33
      34
      36
      40
      37
      43
      34
      37
      44
      35
      36
      31
      44
      31
      41
      37
      50
      43
      47
      67
      53
      53
      66
      59
      58
      56
      52
      58
      44
      59
      47
      71
      59
      55
      55
      53
      58
      49
      52
      57
      48
      53
      61
      51
      42
      33
      39
      49
      29
      32
      30
      31
      35
      22
      31
      33
      28
      31
      21
      19
      27
      21
      17
      25
      19
      20
      16
      21
      24
      17
      25
      21
      19
      11
      22
      10
      15
      14
      17
      19
      20
      20
      15
      27
      26
      29
      45
      65
      54
      67
      71
      88
      85
     103
     109
     110
     103
      77
      93
      79
      84
      67
      59
      41
      46
      37
      23
      17
      10
      12
      12
       9
       7
       9
       5
       4
       3
       2
       1
       2
       4
       0
       4
       2
       1
       2
       0
       0
       0
       4
       2
       1
       2
       0
       1
       0
       3
       2
       1
       0
       1
       1
       1
       0
       1
       1
       0
       2
       0
       2
       3
       1
       2
       2
       2
       1
       2
       0
       2
       0
       0
       2
       1
       0
       1
       3
       3
       1
       0
       0
       2
       0
       2
       1
       1
       0
       2
       1
       0
       0
       1
       2
       0
       0
       2
       0
       2
       1
       0
       0
       0
       2
       2
       0
       4
       2
       1
       0
       1
       2
       2
       1
       0
       0
       1
       0
       1
       0
       3
       3
       0
       1
       0
       2
       1
       0
       0
       0
       2
       2
       1
       1
       2
       2
       2
       3
       1
       4
       3
       1
       0
       1
       0
       2
       0
       0
       2
       1
       0
       2
       0
       1
       2
       1
       0
       0
       1
       0
       0
       1
       1
       1
       1
       0
       1
       1
       0
       1
       2
       1
       1
       1
       1
       1
       1
       1
       1
       0
       0
       1
       0
       3
       1
       0
       0
       3
       0
       1
       2
       2
       0
       0
       0
       0
       1
       0
       1
       1
       0
       1
       1
       1
       0
       1
       1
       1
       0
       1
       0
       2
       0
       0
       2
       1
       1
       1
       1
       0
       0
       1
       0
       0
       1
       0
       1
       0
       1
       0
       0
       1
       1
       0
       0
       0
       0
       1
       1
       0
       1
       0
       0
       1
       0
       1
       0
       0
       0
       0
       1
       2
       3
       0
       1
       0
       0
       1
       2
       3
       2
       1
       0
       0
       0
       1
       1
       0
       0
       1
       1
       1
       1
       0
       1
       0
       1
       1
       1
       1
       0
       0
       0
       0
       0
       1
       0
       0
       1
       0
       1
       0
       0
       0
       0
       1
       0
       0
       0
       0
       1
       0
       1
       0
       1
       2
       0
       1
       4
       0
       0
       0
       1
       0
       1
       0
       1
       2
       0
       0
       1
       1
       0
       0
       2
       0
       0
       0
       1
       2
       1
       1
       0
       0
       5
       0
       0
       3
       2
       0
       0
       0
       1
       1
       0
       0
       0
       1
       0
       0
       0
       2
       0
       0
       0
       0
       1
       0
       0
       1
       1
       1
       0
       0
       2
       0
       0
       0
       1
       0
       1
       0
       0
       1
       0
       1
       0
       1
       1
       1
       1
       0
       0
       0
       1
       0
       1
       2
       1
       0
       1
       1
       0
       0
       2
       1
       1
       0
       2
       0
       1
       0
       1
       1
       0
       0
       3
       0
       1
       0
       1
       1
       0
       0
       1
       1
       1
       2
       0
       0
       0
       1
       0
       1
       2
       1
       1
       1
       0
       0
       3
       0
       0
       2
       0
       0
       0
       0
       1
       0
       0
       0
       0
       1
       0
       0
       1
       0
       0
       0
       1
       1
       0
       0
       0
       1
       0
       1
       1
       0
       1
       1
       1
       0
       2
       1
       0
       1
       0
       1
       0
       0
       1
       1
       0
       1
       1
       0
       1
       0
       0
       2
       0
       0
       1
       0
       0
       1
       0
       0
       0
       0
       0
       0
       1
       0
       0
       1
       1
       0
       1
       0
       1
       0
       0
       0
       0
       0
       0
       0
       1
       0
       0
       2
       0
       0
       0
       0
       0
       0
       2
       0
       0
       0
       0
       0
       0
       1
       0
       0
       0
       0
       0
       1
       0
       0
       0
       0
       1
       0
       0
       0
       0
       2
       1
       0
       0
       1
       0
       0
       1
       1
       0
       0
       1
       1
       0
       0
       0
       0
       1
       0
       1
       1
       1
       1
       0
       0
       0
       0
       0
       1
       0
       0
       1
       1
       0
       0
       1
       0
       0
       0
       1
       1
       0
       0
       0
       0
       1
       0
       0
       0
       0
       0
       0
       1
       1
       0
       0
       1
       0
       0
       2
       1
       0
       0
       0
       0
       1
       0
       0
       0
       0
       1
       0
       0
       0
       0
       0
       1
       0
       0
       2
       0
       0
       0
       0
       0
       0
       0
       0
       0
$ROI:
0
$PRESETS:
None
0
0
$ENER_FIT:
0.000000 0.000000
$MCA_CAL:
3
0.000000E+000 0.000000E+000 0.000000E+000 
$SHAPE_CAL:
3
0.000000E+000 0.000000E+000 0.000000E+000
