$SPEC_ID:
No sample description was entered.
$SPEC_REM:
DET# 1
DETDESC# RHINOPROJECT-PC digiBASE-RH SN 16308615
AP# Maestro Version 7.01
$DATE_MEA:
02/09/2018 12:37:31
$MEAS_TIM:
1781 1800
$DATA:
0 1023
       0
       0
       0
       0
       0
       0
       0
       0
       0
       0
    5420
   54442
   81726
   96760
  107682
  113600
  116920
  117677
  116016
  114407
  113171
  110170
  106679
  102306
   97088
   92678
   88859
   85092
   80408
   77171
   74452
   71987
   69135
   65822
   62274
   59649
   57470
   55043
   53739
   52957
   51081
   47847
   44432
   41273
   38114
   36402
   35096
   34114
   33034
   32015
   30539
   29251
   28112
   26846
   26568
   26848
   27316
   27319
   27142
   26079
   24334
   22147
   20833
   19329
   18707
   18360
   18295
   18789
   19226
   20230
   20871
   21306
   20587
   19420
   17638
   16000
   14598
   13668
   13413
   13425
   13727
   13966
   14461
   14337
   14064
   13546
   12593
   11777
   10782
   10174
   10036
   10141
   10597
   11442
   12286
   13652
   14501
   16022
   16533
   16872
   16697
   15096
   13500
   11809
   10458
    9428
    8835
    8440
    8213
    7935
    7956
    8045
    8496
    9137
   10055
   10409
   10695
   10715
    9846
    9062
    7877
    6839
    5888
    5494
    4951
    4667
    4500
    4241
    4191
    4104
    3921
    3861
    3903
    3708
    3750
    3672
    3686
    3683
    3674
    3650
    3726
    3831
    3960
    3903
    4066
    4101
    4021
    3993
    4012
    3967
    4007
    3891
    3684
    3869
    3599
    3541
    3406
    3198
    3046
    2907
    2804
    2567
    2550
    2556
    2648
    2660
    2550
    2536
    2613
    2682
    2693
    2854
    2906
    3092
    3117
    3282
    3363
    3339
    3288
    3326
    3219
    3282
    3231
    3109
    3225
    2979
    2905
    2846
    2638
    2528
    2385
    2263
    2244
    2171
    2194
    2182
    2239
    2206
    2226
    2340
    2265
    2210
    2209
    2144
    2183
    2192
    2037
    2041
    1999
    1883
    1906
    1871
    1857
    1751
    1683
    1765
    1809
    1828
    2070
    2180
    2647
    3062
    3501
    3877
    4482
    4757
    5171
    5250
    5260
    5097
    4695
    4051
    3580
    2935
    2462
    1943
    1601
    1292
    1062
     861
     754
     705
     644
     643
     624
     593
     587
     523
     599
     574
     548
     493
     517
     480
     487
     489
     526
     422
     458
     458
     496
     465
     467
     508
     584
     586
     632
     817
     779
     815
     829
     900
     884
     807
     818
     773
     729
     649
     631
     573
     505
     432
     423
     382
     361
     369
     374
     320
     316
     294
     298
     277
     238
     253
     249
     240
     254
     229
     219
     209
     226
     223
     236
     210
     203
     206
     212
     188
     202
     210
     190
     218
     178
     196
     220
     208
     239
     259
     255
     262
     310
     322
     342
     330
     400
     414
     391
     350
     383
     388
     339
     343
     336
     363
     360
     357
     350
     358
     332
     304
     325
     289
     312
     278
     290
     288
     230
     246
     227
     202
     208
     221
     223
     179
     186
     158
     171
     123
     164
     159
     143
     139
     124
     138
     127
     131
     125
     130
     136
     127
     115
     112
     114
     104
     113
      99
      96
     106
      88
      97
     104
      99
     123
     110
     125
     155
     198
     226
     266
     340
     374
     414
     481
     488
     544
     560
     623
     652
     568
     576
     579
     467
     466
     364
     347
     303
     262
     185
     172
     133
     107
      78
      73
      39
      39
      14
      30
      24
      20
      13
      11
       9
      16
      10
      10
       8
       6
      12
       5
       6
       6
      11
       5
       9
       8
       9
      10
       5
       8
      12
      14
      10
       6
      11
       8
       8
       6
       9
       4
      11
       1
       5
       7
       3
       6
       6
       3
      12
       6
      11
       9
       8
      14
       3
       6
      10
       5
       4
      12
       6
       7
       7
       9
      16
      12
       5
      10
       7
       6
       8
       3
       4
       9
       6
       7
       6
       8
      12
       7
      13
       3
      12
       4
       4
       8
       5
       8
       5
       6
       6
       3
       8
       3
       5
       4
       5
       8
       7
       6
       6
       6
       6
       9
       4
       2
       7
       4
       5
       5
       6
       5
       4
       6
       6
       5
       2
       8
       4
       1
       7
       6
       5
       7
       5
       8
       7
       3
       2
       7
       5
      11
       2
       3
       3
       5
      12
       5
       8
       4
       3
       4
       4
       2
       4
      11
       4
       4
       4
       4
       6
       5
       5
       2
       6
       6
       2
       9
       6
       4
       2
       5
       1
      11
       4
       8
       3
       3
       3
       2
       3
       7
       7
       7
       4
       6
       6
       3
       8
       3
       3
       2
       4
       1
       4
       3
       2
       8
       3
       1
       6
       1
       8
       4
       3
       3
       5
       5
       0
       3
       4
       3
       6
       4
       3
       6
      11
       3
       3
       6
       5
       2
       4
       5
       2
       9
       4
       5
       5
       0
       2
       6
       5
       5
       2
       3
       1
       8
       1
       3
       1
       4
       5
       3
       7
       3
       6
       5
       3
       4
       1
       1
       1
       5
       2
       5
       5
       4
       4
       8
       7
       2
       7
       5
       5
       6
       4
       5
       5
       3
       2
       4
       2
       3
       3
       2
       3
       5
       3
       3
       4
       4
       4
       1
       5
       4
       1
       7
       6
       3
       3
       5
       5
       2
       4
       3
       8
       6
       4
       3
      10
       1
       5
       1
       2
       4
       2
       4
       5
       6
       1
       4
       8
       4
       3
       5
       2
       4
      10
       9
       6
       7
       1
       3
       4
       5
       5
       2
       7
       2
       9
       2
       2
       4
       2
       7
       4
       4
       3
       3
       5
       2
       6
       2
       3
       3
       5
       2
       1
       6
       4
       2
       4
       4
       4
       1
       2
       3
       2
       4
       7
       1
       2
       7
       1
       4
       3
       3
       1
       3
       2
       4
       7
       4
       2
       4
       4
       2
       3
       1
       3
       1
       7
       0
       3
       0
       8
       4
       3
       8
       2
       2
       0
       4
       3
       5
       3
       4
       1
       4
       2
       4
       4
       3
       5
       4
       3
       2
       4
       3
       4
       2
       4
       1
       4
       1
       7
       3
       3
       0
       2
       8
       6
       2
       2
       3
       1
       1
       4
       7
       0
       2
       3
       6
       3
       2
       7
       5
       3
       4
       6
       4
       2
       3
       2
       6
       2
       1
       2
       0
       2
       3
       0
       2
       3
       4
       3
       7
       3
       2
       3
       4
       5
       3
       3
       2
       5
       1
       3
       0
       5
       1
       4
       5
       4
       4
       3
       4
       2
       2
       1
       5
       1
       1
       2
       1
       5
       2
       2
       6
       2
       1
       5
       1
       2
       2
       2
       5
       4
       4
       1
       3
       0
       0
       1
       2
       1
       4
       1
       2
       3
       6
       4
       6
       2
       3
       0
       1
       4
       2
       4
       4
       1
       4
       2
       3
       2
       5
       3
       3
       4
       2
       0
       6
       2
       3
       5
       2
       7
       3
       2
       4
       0
       0
       2
       2
       5
       1
       1
       0
       1
       2
       2
       5
       3
       1
       1
       5
       4
       2
       3
       4
       3
       3
       3
       3
       2
       2
       3
       2
       4
       1
       0
       4
       2
       1
       1
       3
       2
       2
       1
       5
       1
       2
       0
       4
       3
       3
       3
       3
       2
       1
       3
       3
       2
       4
       1
       3
       6
       4
       0
       2
       2
       6
       3
       6
       0
       2
       1
       1
       1
       3
       4
       2
       2
       4
       3
       2
       2
       2
       7
       5
       2
       4
       3
$ROI:
0
$PRESETS:
None
0
0
$ENER_FIT:
0.000000 0.000000
$MCA_CAL:
3
0.000000E+000 0.000000E+000 0.000000E+000 
$SHAPE_CAL:
3
0.000000E+000 0.000000E+000 0.000000E+000
