$SPEC_ID:
No sample description was entered.
$SPEC_REM:
DET# 1
DETDESC# RHINOPROJECT-PC digiBASE-RH SN 16308615
AP# Maestro Version 7.01
$DATE_MEA:
02/09/2018 10:15:33
$MEAS_TIM:
296 300
$DATA:
0 1023
       0
       0
       0
       0
       0
       0
       0
       0
       0
       0
    1065
   10176
   15289
   18056
   20117
   21037
   21936
   22041
   21777
   21926
   21984
   21803
   21179
   19939
   18650
   17615
   16887
   16118
   15325
   14644
   14241
   14375
   13952
   13300
   13015
   12409
   12006
   11487
   11125
   10833
   10423
    9724
    8923
    8360
    7580
    7284
    7028
    6779
    6503
    6304
    5943
    5796
    5662
    5301
    5074
    5176
    5068
    5122
    5164
    4928
    4624
    4350
    4117
    3740
    3734
    3628
    3564
    3591
    3664
    3721
    3919
    3929
    3844
    3789
    3579
    3244
    2917
    2663
    2683
    2533
    2572
    2615
    2639
    2673
    2606
    2597
    2497
    2299
    2153
    2037
    1814
    1912
    1962
    2039
    2179
    2374
    2542
    2761
    2909
    3166
    3371
    3270
    3449
    3589
    4039
    4508
    4899
    4964
    4814
    4645
    4058
    3497
    2747
    2360
    2101
    2090
    2106
    1949
    1961
    1666
    1604
    1469
    1234
    1166
    1052
    1078
     928
     937
     942
     924
     919
     884
     895
     868
     831
     862
     862
     888
     914
     850
     889
     818
     845
     929
     993
     948
     934
     904
     900
     828
     869
     890
     863
     809
     813
     733
     741
     699
     684
     676
     635
     634
     590
     652
     637
     583
     550
     563
     585
     582
     594
     624
     579
     674
     676
     671
     711
     771
     903
     988
    1091
    1289
    1366
    1606
    1615
    1772
    1693
    1743
    1517
    1405
    1141
     941
     761
     674
     567
     508
     499
     471
     464
     487
     521
     545
     656
     792
     840
     939
    1129
    1278
    1324
    1396
    1402
    1292
    1203
    1046
     881
     744
     642
     546
     482
     472
     405
     463
     488
     585
     626
     740
     789
     862
     902
     878
     858
     781
     761
     631
     533
     451
     379
     277
     224
     182
     167
     127
     105
     122
     106
     117
      95
     102
     113
     100
     122
      98
      93
     107
      92
      76
      84
      89
      78
      84
      68
      74
      85
      82
     101
      87
      83
     111
     108
     123
     144
     140
     157
     151
     151
     147
     135
     141
     110
     119
     112
      83
      82
      87
      81
      54
      68
      61
      68
      47
      51
      60
      46
      42
      37
      51
      47
      44
      29
      42
      38
      36
      43
      32
      36
      36
      29
      31
      33
      26
      34
      33
      38
      42
      42
      34
      43
      43
      36
      32
      55
      46
      55
      39
      64
      60
      46
      51
      66
      64
      86
      62
      68
      58
      68
      59
      51
      61
      70
      73
      59
      69
      53
      50
      47
      40
      45
      43
      43
      42
      28
      39
      34
      27
      35
      36
      32
      27
      28
      22
      24
      27
      36
      25
      26
      27
      26
      22
      22
      32
      18
      20
      17
      22
      18
      16
      20
      17
      18
      23
      16
      19
      15
       7
      10
      16
      16
      25
      32
      32
      46
      48
      56
      66
      87
      76
      97
      89
     125
      95
      93
      95
     102
      91
      68
      64
      60
      55
      56
      41
      31
      25
      24
      16
      10
      12
       6
       3
       1
       6
       2
       2
       4
       0
       2
       1
       0
       2
       2
       2
       1
       1
       2
       3
       1
       1
       1
       1
       0
       4
       1
       1
       0
       3
       1
       1
       1
       2
       0
       1
       0
       0
       2
       0
       2
       0
       1
       0
       0
       5
       1
       1
       4
       2
       1
       0
       2
       3
       2
       1
       0
       1
       0
       1
       2
       1
       0
       0
       1
       2
       2
       1
       1
       0
       0
       1
       3
       2
       5
       2
       0
       2
       1
       0
       0
       3
       3
       2
       1
       1
       0
       2
       1
       0
       1
       0
       1
       0
       0
       1
       2
       1
       0
       2
       2
       1
       1
       0
       2
       2
       1
       0
       1
       0
       2
       2
       1
       4
       1
       0
       3
       1
       2
       1
       1
       1
       1
       1
       0
       0
       3
       2
       1
       1
       1
       0
       0
       0
       0
       1
       0
       2
       3
       1
       0
       0
       1
       1
       0
       0
       0
       1
       1
       2
       1
       3
       2
       1
       0
       2
       1
       0
       0
       0
       2
       1
       1
       1
       1
       0
       1
       0
       0
       1
       0
       1
       1
       2
       2
       0
       0
       1
       1
       0
       1
       0
       1
       0
       2
       2
       0
       0
       2
       1
       1
       0
       1
       0
       2
       0
       0
       1
       1
       0
       0
       1
       2
       1
       0
       1
       0
       0
       1
       1
       0
       1
       0
       0
       0
       0
       2
       0
       1
       0
       0
       0
       0
       0
       1
       1
       3
       0
       1
       0
       0
       2
       1
       0
       1
       0
       0
       1
       0
       2
       0
       0
       0
       0
       0
       0
       1
       2
       0
       0
       1
       0
       0
       0
       1
       0
       0
       0
       1
       1
       0
       1
       1
       0
       0
       0
       0
       1
       0
       2
       0
       1
       1
       0
       0
       0
       0
       0
       1
       1
       3
       1
       0
       1
       0
       0
       1
       0
       2
       0
       0
       0
       0
       0
       1
       2
       0
       0
       1
       1
       1
       1
       1
       0
       0
       2
       1
       0
       2
       0
       0
       0
       2
       2
       3
       1
       0
       1
       1
       3
       0
       0
       1
       0
       0
       0
       0
       0
       3
       2
       0
       1
       2
       0
       0
       0
       0
       1
       0
       0
       0
       1
       0
       2
       0
       2
       0
       0
       0
       1
       1
       0
       0
       0
       2
       0
       0
       0
       0
       1
       0
       0
       1
       0
       0
       1
       1
       2
       1
       2
       0
       0
       1
       0
       0
       1
       0
       2
       0
       0
       0
       0
       2
       0
       0
       1
       0
       1
       0
       1
       0
       0
       0
       1
       0
       2
       0
       1
       0
       0
       0
       0
       0
       0
       1
       0
       0
       0
       0
       0
       0
       0
       0
       0
       0
       0
       0
       1
       0
       0
       1
       1
       0
       0
       3
       0
       1
       1
       0
       0
       0
       0
       1
       0
       0
       0
       1
       1
       0
       1
       2
       3
       1
       0
       1
       3
       0
       0
       0
       0
       1
       0
       0
       1
       3
       0
       1
       1
       0
       0
       0
       0
       1
       0
       1
       0
       1
       0
       0
       0
       1
       2
       1
       0
       1
       0
       0
       0
       0
       0
       0
       0
       1
       0
       0
       0
       1
       0
       0
       0
       0
       0
       0
       0
       1
       0
       0
       1
       1
       2
       1
       0
       1
       1
       0
       2
       0
       1
       1
       0
       0
       0
       1
       1
       0
       0
       0
       1
       0
       1
       2
       1
       1
       1
       0
       0
       0
       0
       0
       2
       0
       0
       0
       0
       1
       0
       0
       1
       0
       0
       1
       2
       0
       1
       1
       2
       2
       0
       0
       0
       1
       0
       2
       0
       1
       0
       0
       1
       0
       0
       0
       0
       0
       0
       0
       0
       0
       0
       0
       0
       0
       0
       1
       0
       0
       0
       0
       0
       0
       0
       0
       2
       1
       1
       0
       1
       0
       0
       0
       0
       1
       0
       1
       0
       0
       0
       0
       1
       1
       0
       0
       0
       0
       0
       0
       2
       2
       0
       0
       0
$ROI:
0
$PRESETS:
None
0
0
$ENER_FIT:
0.000000 0.000000
$MCA_CAL:
3
0.000000E+000 0.000000E+000 0.000000E+000 
$SHAPE_CAL:
3
0.000000E+000 0.000000E+000 0.000000E+000
